"UC","Grupos","Família","Gênero","Espécie","Autor","Táxon_completo","Barcode","BD_Origem","Herbário","Coletor","Número_da_Coleta","Origem_FFBr","AnoColeta","Identificador","AnoID","ConfiançaID","ConfiançaLoc","Imagens","Município","Localidade"
"MONUMENTO NATURAL MUNICIPAL DA SERRA DO SOARINHO","Angiosperms","Fabaceae","Machaerium","cantarellianum","Hoehne","FABACEAE Machaerium cantarellianum Hoehne","R010098796",,"R","Braga, J.M.A.","24-032","Native","2024","Lima, H.C.","2024","Ouro","Ouro","jbrj-public-img.s3-sa-east-1.amazonaws.com/JPG/herbariumr/r/1/0/98/79/6/r010098796.jpg","Cachoeiras de Macacu","Papucaia, Soarinho. Monumento Natural Municipal da Serra do Soarinho"
"MONUMENTO NATURAL MUNICIPAL DA SERRA DO SOARINHO","Angiosperms","Fabaceae","Swartzia","simplex","(Sw.) Spreng.","FABACEAE Swartzia simplex (Sw.) Spreng.","R010098795",,"R","Braga, J.M.A.","24-031","Native","2024","Lima, H.C.","2024","Ouro","Ouro","jbrj-public-img.s3-sa-east-1.amazonaws.com/JPG/herbariumr/r/1/0/98/79/5/r010098795.jpg","Cachoeiras de Macacu","Papucaia, Soarinho. Monumento Natural Municipal da Serra do Soarinho"
"MONUMENTO NATURAL MUNICIPAL DA SERRA DO SOARINHO","Angiosperms","Malvaceae","Luehea","speciosa","Willd.","MALVACEAE Luehea speciosa Willd.","R010098799",,"R","Braga, J.M.A.","24-034","Native","2024","Bovini, M.G.","2024","Ouro","Ouro","jbrj-public-img.s3-sa-east-1.amazonaws.com/JPG/herbariumr/r/1/0/98/79/9/r010098799.jpg","Cachoeiras de Macacu","Papucaia, Soarinho. Monumento Natural Municipal da Serra do Soarinho"
"MONUMENTO NATURAL MUNICIPAL DA SERRA DO SOARINHO","Angiosperms","Rubiaceae","Eumachia","cephalantha","(Müll. Arg.) Delprete & J.H. Kirkbr.","RUBIACEAE Eumachia cephalantha (Müll. Arg.) Delprete & J.H. Kirkbr.","R010098797",,"R","Braga, J.M.A.","24-036","Native","2024","Gomes, M.","2024","Ouro","Ouro","jbrj-public-img.s3-sa-east-1.amazonaws.com/JPG/herbariumr/r/1/0/98/79/7/r010098797.jpg","Cachoeiras de Macacu","Papucaia, Soarinho. Monumento Natural Municipal da Serra do Soarinho"
"MONUMENTO NATURAL MUNICIPAL DA SERRA DO SOARINHO","Angiosperms","Cyatheaceae","Cyathea","hirsuta","C. Presl","CYATHEACEAE Cyathea hirsuta C. Presl","RFFP37451",,"RFFP","Damasceno, D.B.M.","1696","Native","2026","Santos, M.G.","2026","Ouro","Ouro",,"Cachoeiras de Macacu","Soarinho, Monumento Natural Municipal da Serra do Soarinho, Núcleo Bertholdo, estrada que liga a RJ 126 ao Soarinho, 22º34’29”S - 42º38’19”W, 340 msm."
"MONUMENTO NATURAL MUNICIPAL DA SERRA DO SOARINHO","Angiosperms","Euphorbiaceae","Astraea","klotzschii","Didr.","EUPHORBIACEAE Astraea klotzschii Didr.","RFFP37448",,"RFFP","Damasceno, D.B.M.","1692","Native","2026","Pinto, L.J.S.","2026","Ouro","Ouro",,"Cachoeiras de Macacu","Papucaia, Monumento Natural Municipal da Serra do Soarinho, Núcleo Cavada, trilha após a Subestação ENEL Papucaia, 22º35’11”S - 42º42’52”W, 45 msm."
"MONUMENTO NATURAL MUNICIPAL DA SERRA DO SOARINHO","Angiosperms","Sapindaceae","Allophylus","semidentatus","(Miq.) Radlk.","SAPINDACEAE Allophylus semidentatus (Miq.) Radlk.","RFFP37449",,"RFFP","Damasceno, D.B.M.","1694","Native","2026","Somner, G.V.","2026","Ouro","Ouro",,"Cachoeiras de Macacu","Papucaia, Monumento Natural Municipal da Serra do Soarinho, Núcleo Cavada, trilha após a Subestação ENEL Papucaia, 22º35’11”S - 42º42’52”W, 45 msm."
"MONUMENTO NATURAL MUNICIPAL DA SERRA DO SOARINHO","Angiosperms","Myrtaceae","Eugenia","macahensis","O.Berg","MYRTACEAE Eugenia macahensis O.Berg","RFFP36606",,"RFFP","Damasceno, D.B.M.","1309","Native","2025","Souza, M.C.","2026","Ouro","Ouro",,"Cachoeiras de Macacu","Soarinho, Monumento Natural Municipal da Serra do Soarinho, Núcleo Soarinho, Vale do Rio Soarinho, acesso pela escolinha e a igreja, 22º36´´46""S - 42º42´´50""W, 191 msm. Monumento Natural da Serra do Soarinho"
"MONUMENTO NATURAL MUNICIPAL DA SERRA DO SOARINHO","Angiosperms","Myrtaceae","Eugenia","pisiformis","Cambess.","MYRTACEAE Eugenia pisiformis Cambess.","RFFP37247",,"RFFP","Damasceno, D.B.M.","1576","Native","2025","Souza, M.C.","2026","Ouro","Ouro",,"Cachoeiras de Macacu","Soarinho, Monumento Natural Municipal da Serra do Soarinho, Núcleo Soarinho, parte alta, 22º35´28""S - 42º41´07""W, 600 msm. Monumento Natural da Serra do Soarinho"
"MONUMENTO NATURAL MUNICIPAL DA SERRA DO SOARINHO","Angiosperms","Acanthaceae","Pachystachys","spicata","(Ruiz & Pav.) Wassh.","ACANTHACEAE Pachystachys spicata (Ruiz & Pav.) Wassh.","RFFP36427",,"RFFP","Damasceno, D.B.M.","1194","Native","2025","Braz, D.M.","2025","Ouro","Ouro",,"Cachoeiras de Macacu","Gaviões, Monumento Natural Municipal da Serra do Soarinho, Núcleo Patis, margem do Rio São João, 22º34´´59""S - 42º34´´15""W, 54 msm."
"MONUMENTO NATURAL MUNICIPAL DA SERRA DO SOARINHO","Angiosperms","Amaryllidaceae","Hippeastrum","reticulatum","(L'Hér.) Herb.","AMARYLLIDACEAE Hippeastrum reticulatum (L'Hér.) Herb.","RFFP36430",,"RFFP","Damasceno, D.B.M.","1293","Native","2025","Candido, R.S.","2025","Ouro","Ouro",,"Cachoeiras de Macacu","Soarinho, Monumento Natural Municipal da Serra do Soarinho, Núcleo Soarinho, Cachoeira Janela do Céu, 22º36´´58""S - 42º40´´57""W, 162 msm."
"MONUMENTO NATURAL MUNICIPAL DA SERRA DO SOARINHO","Angiosperms","Euphorbiaceae","Actinostemon","verticillatus","(Klotzsch) Baill.","EUPHORBIACEAE Actinostemon verticillatus (Klotzsch) Baill.","RFFP36599",,"RFFP","Damasceno, D.B.M.","1302","Native","2025","Pinto, L.J.S.","2025","Ouro","Ouro",,"Cachoeiras de Macacu","Soarinho, Monumento Natural Municipal da Serra do Soarinho, Núcleo Soarinho, Vale do Rio Soarinho, acesso pela escolinha e a igreja, 22º36´´46""S - 42º42´´50""W, 191 msm."
"MONUMENTO NATURAL MUNICIPAL DA SERRA DO SOARINHO","Angiosperms","Euphorbiaceae","Dalechampia","leandrii","Baill.","EUPHORBIACEAE Dalechampia leandrii Baill.","RFFP36285",,"RFFP","Damasceno, D.B.M.","1185","Native","2025","Pinto, L.J.S.","2025","Ouro","Ouro",,"Cachoeiras de Macacu","Brasil, Estado do Rio de Janeiro, Município de Cachoeiras de Macacu, Soarinho, Monumento Natural Municipal da Serra do Soarinho, Núcleo Soarinho, Vale do Rio Soarinho, acesso pela escolinha e a igreja, 22º36´´46""S - 42º42´´50""W, 191 msm."
"MONUMENTO NATURAL MUNICIPAL DA SERRA DO SOARINHO","Angiosperms","Euphorbiaceae","Plukenetia","serrata","(Vell.) L.J.Gillespie","EUPHORBIACEAE Plukenetia serrata (Vell.) L.J.Gillespie","RFFP36286",,"RFFP","Damasceno, D.B.M.","1186","Native","2025","Pinto, L.J.S.","2025","Ouro","Ouro",,"Cachoeiras de Macacu","Brasil, Estado do Rio de Janeiro, Município de Cachoeiras de Macacu, Soarinho, Monumento Natural Municipal da Serra do Soarinho, Núcleo Soarinho, Estrada do Soarinho, área após a Igreja Evangélica, na curva da Myrtaceae, 22º36´´16""S - 42º39´´36""W, 222 msm."
"MONUMENTO NATURAL MUNICIPAL DA SERRA DO SOARINHO","Angiosperms","Fabaceae","Machaerium","reticulatum","(Poir.) Pers.","FABACEAE Machaerium reticulatum (Poir.) Pers.","RFFP36590",,"RFFP","Damasceno, D.B.M.","1283","Native","2025","Filardi, F.L.R.","2025","Ouro","Ouro",,"Cachoeiras de Macacu","Derribada, Monumento Natural Municipal da Serra do Soarinho, Núcleo Granada, estrada para Rio Bonito, na vertente acima do Bar do Astério, 22º39´´53""S - 42º42´´22""W, 183 msm. Monumento Natural da Serra do Soarinho"
"MONUMENTO NATURAL MUNICIPAL DA SERRA DO SOARINHO","Angiosperms","Fabaceae","Vataireopsis","araroba","(Aguiar) Ducke","FABACEAE Vataireopsis araroba (Aguiar) Ducke","RFFP37225",,"RFFP","Damasceno, D.B.M.","1546","Native","2025","Lima, H.C.","2025","Ouro","Ouro",,"Cachoeiras de Macacu","Soarinho, Monumento Natural Municipal da Serra do Soarinho, Núcleo Bertholdo, estrada que liga a RJ 126 ao Soarinho, 22º34’29""S - 42º38’19""W, 340 msm."
"MONUMENTO NATURAL MUNICIPAL DA SERRA DO SOARINHO","Angiosperms","Iridaceae","Neomarica","mauroi","A.Gil & M.C.E.Amaral","IRIDACEAE Neomarica mauroi A.Gil & M.C.E.Amaral","RFFP37300",,"RFFP","Damasceno, D.B.M.","1661","Native","2025","Gil, A.S.B.","2025","Ouro","Ouro",,"Cachoeiras de Macacu","Soarinho, Monumento Natural Municipal da Serra do Soarinho, Núcleo Soarinho, Vale do Rio Soarinho, acesso pela escolinha e a igreja, 22º36’33”S - 42º42’28”W, 254 msm."
"MONUMENTO NATURAL MUNICIPAL DA SERRA DO SOARINHO","Angiosperms","Sapindaceae","Thinouia","scandens","Triana & Planch.","SAPINDACEAE Thinouia scandens Triana & Planch.","RFFP36588",,"RFFP","Damasceno, D.B.M.","1281","Native","2025","Somner, G.V.","2025","Ouro","Ouro",,"Cachoeiras de Macacu","Soarinho, Monumento Natural Municipal da Serra do Soarinho, Núcleo Soarinho, Vale do Rio Soarinho, acesso pela escolinha e a igreja, 22º36´´46""S - 42º42´´50""W, 191 msm."
"MONUMENTO NATURAL MUNICIPAL DA SERRA DO SOARINHO","Angiosperms","Sapindaceae","Urvillea","triphylla","(Vell.) Radlk.","SAPINDACEAE Urvillea triphylla (Vell.) Radlk.","RFFP37232",,"RFFP","Damasceno, D.B.M.","1553","Native","2025","Somner, G.V.","2025","Ouro","Ouro",,"Cachoeiras de Macacu","Soarinho, Monumento Natural Municipal da Serra do Soarinho, Núcleo Bertholdo, estrada que liga a RJ 126 ao Soarinho, 22º34’29""S - 42º38’19""W, 340 msm."
"MONUMENTO NATURAL MUNICIPAL DA SERRA DO SOARINHO","Angiosperms","Acanthaceae","Clistax","speciosus","(Nees) Nees","ACANTHACEAE Clistax speciosus (Nees) Nees","RFFP35311",,"RFFP","Damasceno, D.B.M.","962","Native","2024","Braz, D.M.","2024","Ouro","Ouro",,"Cachoeiras de Macacu","Soarinho, Monumento Natural Municipal da Serra do Soarinho, Núcleo Soarinho, Vale do Rio Soarinho, acesso pela escolinha e a igreja, 22º36´´38""S - 42º42´´38""W, 181 msm."
"MONUMENTO NATURAL MUNICIPAL DA SERRA DO SOARINHO","Angiosperms","Acanthaceae","Ruellia","blechum","L.","ACANTHACEAE Ruellia blechum L.","RFFP36150",,"RFFP","Damasceno, D.B.M.","1147","Native","2024","Braz, D.M.","2024","Ouro","Ouro",,"Cachoeiras de Macacu","Brasil, Estado do Rio de Janeiro, Município de Cachoeiras de Macacu, Soarinho, Monumento Natural Municipal da Serra do Soarinho, Núcleo Cavada, trilha para a parte alta com acesso pelo Parque Terra Santa, 22º35´´12""S - 42°41´´15""W, 358 msm."
"MONUMENTO NATURAL MUNICIPAL DA SERRA DO SOARINHO","Angiosperms","Acanthaceae","Ruellia","menthoides","(Nees) Hiern","ACANTHACEAE Ruellia menthoides (Nees) Hiern","RFFP35321",,"RFFP","Damasceno, D.B.M.","951","Native","2024","Braz, D.M.","2024","Ouro","Ouro",,"Cachoeiras de Macacu","Soarinho, Monumento Natural Municipal da Serra do Soarinho, Núcleo Soarinho, Cachoeira Janela do Céu, 22º36´´57""S - 42º40´´57""W, 141 msm."
"MONUMENTO NATURAL MUNICIPAL DA SERRA DO SOARINHO","Angiosperms","Acanthaceae","Ruellia","sceptrum-marianum","(Vell.) Stearn","ACANTHACEAE Ruellia sceptrum-marianum (Vell.) Stearn","RFFP35322",,"RFFP","Damasceno, D.B.M.","950","Native","2024","Braz, D.M.","2024","Ouro","Ouro",,"Cachoeiras de Macacu","Soarinho, Monumento Natural Municipal da Serra do Soarinho, Núcleo Soarinho, Cachoeira Janela do Céu, 22º36´´57""S - 42º40´´57""W, 141 msm."
"MONUMENTO NATURAL MUNICIPAL DA SERRA DO SOARINHO","Angiosperms","Acanthaceae","Sanchezia","oblonga","Ruiz & Pav.","ACANTHACEAE Sanchezia oblonga Ruiz & Pav.","RFFP35313",,"RFFP","Damasceno, D.B.M.","972","Native","2024","Braz, D.M.","2024","Ouro","Ouro",,"Cachoeiras de Macacu","Soarinho, Monumento Natural Municipal da Serra do Soarinho, Núcleo Granada, Estrada do Soarinho, 22º36´´49""S - 42º43´´27""W, 26 msm."
"MONUMENTO NATURAL MUNICIPAL DA SERRA DO SOARINHO","Angiosperms","Annonaceae","Cananga","odorata","(Lam.) Hook.f. & Thomson","ANNONACEAE Cananga odorata (Lam.) Hook.f. & Thomson","RFFP34958",,"RFFP","Damasceno, D.B.M.","621","Native","2024","Lobao, A.Q.","2024","Ouro","Ouro",,"Cachoeiras de Macacu","Soarinho, Monumento Natural Municipal da Serra do Soarinho, Núcleo Soarinho, início da Estrada do Soarinho, 22º36´´18""S - 42°44´´07""W, 12 msm."
"MONUMENTO NATURAL MUNICIPAL DA SERRA DO SOARINHO","Angiosperms","Annonaceae","Guatteria","ferruginea","A.St.-Hil.","ANNONACEAE Guatteria ferruginea A.St.-Hil.","RFFP35288",,"RFFP","Damasceno, D.B.M.","835","Native","2024","Lobao, A.Q.","2024","Ouro","Ouro",,"Cachoeiras de Macacu","Soarinho, Monumento Natural Municipal da Serra do Soarinho, Núcleo Soarinho, parte alta, 22º35´´31""S - 42º41´´07""W, 589 msm."
"MONUMENTO NATURAL MUNICIPAL DA SERRA DO SOARINHO","Angiosperms","Apocynaceae","Odontadenia","lutea","(Vell.) Markgr.","APOCYNACEAE Odontadenia lutea (Vell.) Markgr.","RFFP35305",,"RFFP","Damasceno, D.B.M.","934","Native","2024","Morales, J.F.","2024","Ouro","Ouro",,"Cachoeiras de Macacu","Soarinho, Monumento Natural Municipal da Serra do Soarinho, Núcleo Cavada, acesso pelo Parque Terra Santa, trilha para a parte alta, 22º34´´28""S - 42º41´´36""W, 52 msm."
"MONUMENTO NATURAL MUNICIPAL DA SERRA DO SOARINHO","Angiosperms","Aristolochiaceae","Aristolochia","cynanchifolia","Mart. & Zucc.","ARISTOLOCHIACEAE Aristolochia cynanchifolia Mart. & Zucc.","RFFP34967",,"RFFP","Damasceno, D.B.M.","611","Native","2024","Freitas, J.","2024","Ouro","Ouro",,"Cachoeiras de Macacu","Soarinho, Monumento Natural Municipal da Serra do Soarinho, Núcleo Soarinho, Vale do Rio Soarinho, acesso pela escolinha e a igreja, 22º36´´04""S - 42º41´´36""W, 396 msm."
"MONUMENTO NATURAL MUNICIPAL DA SERRA DO SOARINHO","Angiosperms","Begoniaceae","Begonia","angularis","Raddi","BEGONIACEAE Begonia angularis Raddi","RFFP35053",,"RFFP","Damasceno, D.B.M.","632","Native","2024","Jacques, E.L.","2024","Ouro","Ouro",,"Cachoeiras de Macacu","Soarinho, Monumento Natural Municipal da Serra do Soarinho, Núcleo Soarinho, Vale do Rio Soarinho, acesso pela escolinha e a igreja, 22º36´´33""S - 42º42´´28""W, 254 msm."
"MONUMENTO NATURAL MUNICIPAL DA SERRA DO SOARINHO","Angiosperms","Bignoniaceae","Bignonia","sciuripabulum","(K.Schum.) L.G.Lohmann","BIGNONIACEAE Bignonia sciuripabulum (K.Schum.) L.G.Lohmann","RFFP35299",,"RFFP","Damasceno, D.B.M.","836","Native","2024","Zuntini, A.R.","2024","Ouro","Ouro",,"Cachoeiras de Macacu","Monumento Natural Municipal da Serra do Soarinho, Núcleo Cavada, 22º34´´48""S - 42º41´´16""W, 123 msm."
"MONUMENTO NATURAL MUNICIPAL DA SERRA DO SOARINHO","Angiosperms","Bignoniaceae","Mansoa","hymenaea","(DC.) A.H.Gentry","BIGNONIACEAE Mansoa hymenaea (DC.) A.H.Gentry","RFFP35331",,"RFFP","Damasceno, D.B.M.","964","Native","2024","Kaehler, M.","2024","Ouro","Ouro",,"Cachoeiras de Macacu","Soarinho, Monumento Natural Municipal da Serra do Soarinho, Núcleo Soarinho, Vale do Rio Soarinho, acesso pela escolinha e a igreja, 22º36´´04""S - 42º41´´36""W, 396 msm."
"MONUMENTO NATURAL MUNICIPAL DA SERRA DO SOARINHO","Angiosperms","Bignoniaceae","Tynanthus","labiatus","(Cham.) Miers","BIGNONIACEAE Tynanthus labiatus (Cham.) Miers","RFFP35129",,"RFFP","Damasceno, D.B.M.","540","Native","2024","Kaehler, M.","2024","Ouro","Ouro",,"Cachoeiras de Macacu","Soarinho, Monumento Natural Municipal da Serra do Soarinho, Núcleo Cavada, início da trilha para a parte alta com acesso pelo Parque Terra Santa, 22º34´´38""S - 42°41´´21""W, 98 msm."
"MONUMENTO NATURAL MUNICIPAL DA SERRA DO SOARINHO","Angiosperms","Bromeliaceae","Vriesea","taritubensis","E.Pereira & I.A.Penna","BROMELIACEAE Vriesea taritubensis E.Pereira & I.A.Penna","RFFP35264",,"RFFP","Damasceno, D.B.M.","954","Naturalized","2024","Costa, A.F.","2024","Ouro","Ouro",,"Cachoeiras de Macacu","Soarinho, Monumento Natural Municipal da Serra do Soarinho, Núcleo Soarinho, Cachoeira Janela do Céu, 22º37´´01""S - 42º40´´59""W, 196 msm."
"MONUMENTO NATURAL MUNICIPAL DA SERRA DO SOARINHO","Angiosperms","Cucurbitaceae","Anisosperma","passiflora","(Vell.) Silva Manso","CUCURBITACEAE Anisosperma passiflora (Vell.) Silva Manso","RFFP35241",,"RFFP","Damasceno, D.B.M.","817","Native","2024","Klein, V.L.G.","2024","Ouro","Ouro",,"Cachoeiras de Macacu","Soarinho, Monumento Natural Municipal da Serra do Soarinho, trilha para a parte alta, após o Parque Terra Santa, 22º34´´36""S - 42º41´´27""W, 60 msm."
"MONUMENTO NATURAL MUNICIPAL DA SERRA DO SOARINHO","Angiosperms","Cucurbitaceae","Gurania","bignoniacea","(Poepp. & Endl.) C.Jeffrey","CUCURBITACEAE Gurania bignoniacea (Poepp. & Endl.) C.Jeffrey","RFFP35234",,"RFFP","Damasceno, D.B.M.","810","Native","2024","Costa, G.A.G.","2024","Ouro","Ouro",,"Cachoeiras de Macacu","Soarinho, Monumento Natural Municipal da Serra do Soarinho, Núcleo Bertholdo, próximo a grande figueira, 22º34´´22""S - 42º37´´31""W, 387 msm."
"MONUMENTO NATURAL MUNICIPAL DA SERRA DO SOARINHO","Angiosperms","Cucurbitaceae","Melothria","pendula","L.","CUCURBITACEAE Melothria pendula L.","RFFP35367",,"RFFP","Damasceno, D.B.M.","822","Native","2024","Klein, V.L.G.","2024","Ouro","Ouro",,"Cachoeiras de Macacu","Brasil, Estado do Rio de Janeiro, Município de Cachoeiras de Macacu, Granada, Monumento Natural Municipal da Serra do Soarinho, Núcleo Granada, Estrada do Soarinho, acesso pela RJ-116, Rodovia Presidente João Goulart, 22º36´´49""S - 42º43´´26""W, 24 msm."
"MONUMENTO NATURAL MUNICIPAL DA SERRA DO SOARINHO","Angiosperms","Cucurbitaceae","Sicyos","edulis","Jacq.","CUCURBITACEAE Sicyos edulis Jacq.","RFFP35785",,"RFFP","Damasceno, D.B.M.","609","Native","2024","Klein, V.L.G.","2024","Ouro","Ouro",,"Cachoeiras de Macacu","Brasil, Estado do Rio de Janeiro, Município de Cachoeiras de Macacu, Soarinho, Monumento Natural Municipal da Serra do Soarinho, Núcleo Soarinho, trilha para a parte alta, antes do Vale, 22º36´´23""S - 42º41´´44""W, 329 msm."
"MONUMENTO NATURAL MUNICIPAL DA SERRA DO SOARINHO","Angiosperms","Euphorbiaceae","Dalechampia","triphylla","Lam.","EUPHORBIACEAE Dalechampia triphylla Lam.","RFFP36087",,"RFFP","Damasceno, D.B.M.","1084","Native","2024","Pinto, L.J.S.","2024","Ouro","Ouro",,"Cachoeiras de Macacu","Brasil, Estado do Rio de Janeiro, Município de Cachoeiras de Macacu, Soarinho, Monumento Natural Municipal da Serra do Soarinho, Núcleo Soarinho, Vale do Rio Soarinho, acesso pela escolinha e a igreja, 22º36´´46""S - 42º42´´50""W, 191 msm."
"MONUMENTO NATURAL MUNICIPAL DA SERRA DO SOARINHO","Angiosperms","Fabaceae","Hydrochorea","pedicellaris","(DC.) M.V.B.Soares, Iganci & M.P.Morim","FABACEAE Hydrochorea pedicellaris (DC.) M.V.B.Soares, Iganci & M.P.Morim","RFFP35413",,"RFFP","Damasceno, D.B.M.","899","Native","2024","Lima, H.C.","2024","Ouro","Ouro",,"Cachoeiras de Macacu","Brasil, Estado do Rio de Janeiro, Município de Cachoeiras de Macacu, Bertholdo, Monumento Natural Municipal da Serra do Soarinho, Núcleo Bertholdo, estrada que liga Bertholdo ao Soarinho, 22º34´´56""S - 42º38´´20""W, 309 msm."
"MONUMENTO NATURAL MUNICIPAL DA SERRA DO SOARINHO","Angiosperms","Fabaceae","Schnella","angulosa","(Vogel) Wunderlin","FABACEAE Schnella angulosa (Vogel) Wunderlin","RFFP35733",,"RFFP","Damasceno, D.B.M.","542","Native","2024","Lima, H.C.","2024","Ouro","Ouro",,"Cachoeiras de Macacu","Brasil, Estado do Rio de Janeiro, Município de Cachoeiras de Macacu, Soarinho, Monumento Natural Municipal da Serra do Soarinho, Núcleo Soarinho, 22º35´´28""S - 42º41´´07""W, 600 msm."
"MONUMENTO NATURAL MUNICIPAL DA SERRA DO SOARINHO","Angiosperms","Lamiaceae","Hyptis","multibracteata","Benth.","LAMIACEAE Hyptis multibracteata Benth.","RFFP35206",,"RFFP","Damasceno, D.B.M.","781","Native","2024","Sarrafr, H.","2024","Ouro","Ouro",,"Cachoeiras de Macacu","Soarinho, Monumento Natural Municipal da Serra do Soarinho, Núcleo Soarinho, Vale do Rio Soarinho, acesso pela escolinha e a igreja, 22º36´´33""S - 42º42´´28""W, 254 msm."
"MONUMENTO NATURAL MUNICIPAL DA SERRA DO SOARINHO","Angiosperms","Malpighiaceae","Banisteriopsis","membranifolia","(A.Juss.) B.Gates","MALPIGHIACEAE Banisteriopsis membranifolia (A.Juss.) B.Gates","RFFP35386",,"RFFP","Damasceno, D.B.M.","852","Native","2024","Almeida, R.F.","2024","Ouro","Ouro",,"Cachoeiras de Macacu","Brasil, Estado do Rio de Janeiro, Município de Cachoeiras de Macacu, Soarinho, Monumento Natural Municipal da Serra do Soarinho, Núcleo Soarinho, Cachoeira Janela do Céu, 22º37´´01""S - 42º41´´00""W, 203 msm."
"MONUMENTO NATURAL MUNICIPAL DA SERRA DO SOARINHO","Angiosperms","Malpighiaceae","Bronwenia","peckoltii","W.R.Anderson & C.C.Davis","MALPIGHIACEAE Bronwenia peckoltii W.R.Anderson & C.C.Davis","RFFP35381",,"RFFP","Damasceno, D.B.M.","844","Native","2024","Almeida, R.F.","2024","Ouro","Ouro",,"Cachoeiras de Macacu","Brasil, Estado do Rio de Janeiro, Município de Cachoeiras de Macacu, Soarinho, Monumento Natural Municipal da Serra do Soarinho, Núcleo Soarinho, 22º36´´36""S - 42º41´´05""W, 240 msm."
"MONUMENTO NATURAL MUNICIPAL DA SERRA DO SOARINHO","Angiosperms","Malpighiaceae","Diplopterys","patula","(B.Gates) W.R.Anderson & C.C.Davis","MALPIGHIACEAE Diplopterys patula (B.Gates) W.R.Anderson & C.C.Davis","RFFP35371",,"RFFP","Damasceno, D.B.M.","826","Native","2024","Almeida, R.F.","2024","Ouro","Ouro",,"Cachoeiras de Macacu","Brasil, Estado do Rio de Janeiro, Município de Cachoeiras de Macacu, Monumento Natural Municipal da Serra do Soarinho, Núcleo Cavada, 22º34´´48""S - 42º41´´16""W, 123 msm."
"MONUMENTO NATURAL MUNICIPAL DA SERRA DO SOARINHO","Ferns and Lycophytes","Malpighiaceae","Heteropterys","fluminensis","(Griseb.) W.R.Anderson","MALPIGHIACEAE Heteropterys fluminensis (Griseb.) W.R.Anderson","RFFP36103",,"RFFP","Damasceno, D.B.M.","1100","Native","2024","Almeida, R.F.","2024","Ouro","Ouro",,"Cachoeiras de Macacu","Brasil, Estado do Rio de Janeiro, Município de Cachoeiras de Macacu, Soarinho, Monumento Natural Municipal da Serra do Soarinho, Núcleo Soarinho, Estrada do Soarinho, início da subida para o Sítio Verde, 22º37´´27""S - 42°41´´49""W, 36 msm."
"MONUMENTO NATURAL MUNICIPAL DA SERRA DO SOARINHO","Angiosperms","Malpighiaceae","Heteropterys","intermedia","(A.Juss.) Griseb.","MALPIGHIACEAE Heteropterys intermedia (A.Juss.) Griseb.","RFFP35230",,"RFFP","Damasceno, D.B.M.","806","Native","2024","Almeida, R.F.","2024","Ouro","Ouro",,"Cachoeiras de Macacu","Soarinho, Monumento Natural Municipal da Serra do Soarinho, Núcleo Bertholdo, Cachoeira do Jordão, 22º34´´06""S - 42º39´´04""W, 106 msm."
"MONUMENTO NATURAL MUNICIPAL DA SERRA DO SOARINHO","Angiosperms","Malpighiaceae","Heteropterys","leschenaultiana","A.Juss.","MALPIGHIACEAE Heteropterys leschenaultiana A.Juss.","RFFP35768",,"RFFP","Damasceno, D.B.M.","585","Native","2024","Almeida, R.F.","2024","Ouro","Ouro",,"Cachoeiras de Macacu","Brasil, Estado do Rio de Janeiro, Município de Cachoeiras de Macacu, Soarinho, Monumento Natural Municipal da Serra do Soarinho, Núcleo Soarinho, 22º36´´28""S - 42º41´´24""W, 335 msm Monumento Natural da Serra do Soarinho"
"MONUMENTO NATURAL MUNICIPAL DA SERRA DO SOARINHO","Angiosperms","Malpighiaceae","Hiraea","occhionii","C.E.Anderson","MALPIGHIACEAE Hiraea occhionii C.E.Anderson","RFFP35777",,"RFFP","Damasceno, D.B.M.","598","Native","2024","Almeida, R.F.","2024","Ouro","Ouro",,"Cachoeiras de Macacu","Brasil, Estado do Rio de Janeiro, Município de Cachoeiras de Macacu, Monumento Natural Municipal da Serra do Soarinho, Núcleo Cavada, início da trilha para a parte alta, 22º34´´51""S - 42º41´´27""W, 113 msm."
"MONUMENTO NATURAL MUNICIPAL DA SERRA DO SOARINHO","Angiosperms","Malpighiaceae","Janusia","mediterranea","(Vell.) W.R.Anderson","MALPIGHIACEAE Janusia mediterranea (Vell.) W.R.Anderson","RFFP35776",,"RFFP","Damasceno, D.B.M.","597","Native","2024","Almeida, R.F.","2024","Ouro","Ouro",,"Cachoeiras de Macacu","Brasil, Estado do Rio de Janeiro, Município de Cachoeiras de Macacu, Monumento Natural Municipal da Serra do Soarinho, Núcleo Cavada, trilha para a parte alta com acesso pelo Parque Terra Santa, 22º35´´12""S - 42°41´´15""W, 358 msm."
"MONUMENTO NATURAL MUNICIPAL DA SERRA DO SOARINHO","Angiosperms","Malpighiaceae","Mascagnia","sepium","(A.Juss.) Griseb.","MALPIGHIACEAE Mascagnia sepium (A.Juss.) Griseb.","RFFP35388",,"RFFP","Damasceno, D.B.M.","854","Native","2024","Almeida, R.F.","2024","Ouro","Ouro",,"Cachoeiras de Macacu","Brasil, Estado do Rio de Janeiro, Município de Cachoeiras de Macacu, Soarinho, Monumento Natural Municipal da Serra do Soarinho, Núcleo Soarinho, Estrada do Soarinho, 22º37´´25""S - 42º42´´01""W, 32 msm."
"MONUMENTO NATURAL MUNICIPAL DA SERRA DO SOARINHO","Angiosperms","Malpighiaceae","Schwannia","hexandra","(Vell.) R.F.Almeida & M.Pell.","MALPIGHIACEAE Schwannia hexandra (Vell.) R.F.Almeida & M.Pell.","RFFP35370",,"RFFP","Damasceno, D.B.M.","825","Native","2024","Almeida, R.F.","2024","Ouro","Ouro",,"Cachoeiras de Macacu","Brasil, Estado do Rio de Janeiro, Município de Cachoeiras de Macacu, Monumento Natural Municipal da Serra do Soarinho, Núcleo Cavada, 22º34´´48""S - 42º41´´16""W, 123 msm."
"MONUMENTO NATURAL MUNICIPAL DA SERRA DO SOARINHO","Angiosperms","Malpighiaceae","Stigmaphyllon","affine","A.Juss.","MALPIGHIACEAE Stigmaphyllon affine A.Juss.","RFFP35387",,"RFFP","Damasceno, D.B.M.","853","Native","2024","Almeida, R.F.","2024","Ouro","Ouro",,"Cachoeiras de Macacu","Brasil, Estado do Rio de Janeiro, Município de Cachoeiras de Macacu, Soarinho, Monumento Natural Municipal da Serra do Soarinho, Núcleo Soarinho, Estrada do Soarinho, 22º37´´04""S - 42º42´´56""W, 26 msm."
"MONUMENTO NATURAL MUNICIPAL DA SERRA DO SOARINHO","Angiosperms","Malpighiaceae","Stigmaphyllon","angustilobum","A.Juss.","MALPIGHIACEAE Stigmaphyllon angustilobum A.Juss.","RFFP35861",,"RFFP","Damasceno, D.B.M.","728","Native","2024","Almeida, R.F.","2024","Ouro","Ouro",,"Cachoeiras de Macacu","Soarinho, Monumento Natural Municipal da Serra do Soarinho, Núcleo Soarinho, 22º36´´16""S - 42º39´´37""W, 221 msm."
"MONUMENTO NATURAL MUNICIPAL DA SERRA DO SOARINHO","Angiosperms","Malpighiaceae","Tetrapterys","crispa","A.Juss.","MALPIGHIACEAE Tetrapterys crispa A.Juss.","RFFP35382",,"RFFP","Damasceno, D.B.M.","845","Native","2024","Almeida, R.F.","2024","Ouro","Ouro",,"Cachoeiras de Macacu","Brasil, Estado do Rio de Janeiro, Município de Cachoeiras de Macacu, Monumento Natural Municipal da Serra do Soarinho, Núcleo Cavada, 22º35´´00""S - 42º41´´18""W, 220 msm."
"MONUMENTO NATURAL MUNICIPAL DA SERRA DO SOARINHO","Angiosperms","Malpighiaceae","Tetrapterys","phlomoides","(Spreng.) Nied.","MALPIGHIACEAE Tetrapterys phlomoides (Spreng.) Nied.","RFFP35856",,"RFFP","Damasceno, D.B.M.","721","Native","2024","Almeida, R.F.","2024","Ouro","Ouro",,"Cachoeiras de Macacu","Japuíba, Monumento Natural Municipal da Serra do Soarinho, Núcleo Bertholdo, margem do Rio Bengala, 22º33´´15""S - 42º40´´39""W, 29 msm."
"MONUMENTO NATURAL MUNICIPAL DA SERRA DO SOARINHO","Angiosperms","Malvaceae","Ceiba","crispiflora","(Kunth) Ravenna","MALVACEAE Ceiba crispiflora (Kunth) Ravenna","RFFP36037",,"RFFP","Damasceno, D.B.M.","1033","Native","2024","Ferreira, C.D.M.","2024","Ouro","Ouro",,"Cachoeiras de Macacu","Brasil, Estado do Rio de Janeiro, Município de Cachoeiras de Macacu, Bertholdo, Monumento Natural Municipal da Serra do Soarinho, Núcleo Bertholdo, crescendo ao lado do córrego e da primeira ponte, 22º33´´39""S - 42º40´´52""W, 31 msm."
"MONUMENTO NATURAL MUNICIPAL DA SERRA DO SOARINHO","Angiosperms","Monimiaceae","Macrotorus","utriculatus","(Mart.) Perkins","MONIMIACEAE Macrotorus utriculatus (Mart.) Perkins","RFFP35390",,"RFFP","Damasceno, D.B.M.","856","Native","2024","Lirio, E.J.","2024","Ouro","Ouro",,"Cachoeiras de Macacu","Brasil, Estado do Rio de Janeiro, Município de Cachoeiras de Macacu, Soarinho, Monumento Natural Municipal da Serra do Soarinho, Núcleo Soarinho, Cachoeira Janela do Céu, 22º36´´58""S - 42º40´´59""W, 138 msm."
"MONUMENTO NATURAL MUNICIPAL DA SERRA DO SOARINHO","Angiosperms","Myrtaceae","Eugenia","florida","DC.","MYRTACEAE Eugenia florida DC.","RFFP36069",,"RFFP","Damasceno, D.B.M.","1066","Native","2024","Souza, M.C.","2024","Ouro","Ouro",,"Cachoeiras de Macacu","Brasil, Estado do Rio de Janeiro, Município de Cachoeiras de Macacu, Soarinho, Monumento Natural Municipal da Serra do Soarinho, Núcleo Soarinho, início da Estrada do Soarinho, 22º36´´18""S - 42°44´´07""W, 12 msm."
"MONUMENTO NATURAL MUNICIPAL DA SERRA DO SOARINHO","Angiosperms","Myrtaceae","Myrcia","splendens","(Sw.) DC.","MYRTACEAE Myrcia splendens (Sw.) DC.","RFFP36176",,"RFFP","Damasceno, D.B.M.","1173","Native","2024","Souza, M.C.","2024","Ouro","Ouro",,"Cachoeiras de Macacu","Brasil, Estado do Rio de Janeiro, Município de Cachoeiras de Macacu, Soarinho, Monumento Natural Municipal da Serra do Soarinho, Núcleo Soarinho, Vale do Rio Soarinho, acesso pela escolinha e a igreja, 22º36´´46""S - 42º42´´50""W, 191 msm."
"MONUMENTO NATURAL MUNICIPAL DA SERRA DO SOARINHO","Ferns and Lycophytes","Orchidaceae","Habenaria","petalodes","Lindl.","ORCHIDACEAE Habenaria petalodes Lindl.","RFFP35790",,"RFFP","Damasceno, D.B.M.","619","Native","2024","Fraga, C.N.","2024","Ouro","Ouro",,"Cachoeiras de Macacu","Brasil, Estado do Rio de Janeiro, Município de Cachoeiras de Macacu, Soarinho, Monumento Natural Municipal da Serra do Soarinho, Núcleo Soarinho, parte alta, 22º35´´31""S - 42º41´´07""W, 589 msm."
"MONUMENTO NATURAL MUNICIPAL DA SERRA DO SOARINHO","Angiosperms","Orchidaceae","Trichocentrum","fuscum","Lindl.","ORCHIDACEAE Trichocentrum fuscum Lindl.","RFFP35391",,"RFFP","Damasceno, D.B.M.","857","Native","2024","Fraga, C.N.","2024","Ouro","Ouro",,"Cachoeiras de Macacu","Brasil, Estado do Rio de Janeiro, Município de Cachoeiras de Macacu, Soarinho, Monumento Natural Municipal da Serra do Soarinho, Núcleo Soarinho, Cachoeira Janela do Céu, 22º36´´59""S - 42º40´´58""W, 176 msm."
"MONUMENTO NATURAL MUNICIPAL DA SERRA DO SOARINHO","Angiosperms","Oxalidaceae","Oxalis","impatiens","Vell.","OXALIDACEAE Oxalis impatiens Vell.","RFFP35449",,"RFFP","Damasceno, D.B.M.","973","Native","2024","Fiaschi, P.","2024","Ouro","Ouro",,"Cachoeiras de Macacu","Brasil, Estado do Rio de Janeiro, Município de Cachoeiras de Macacu, Bertholdo, Monumento Natural Municipal da Serra do Soarinho, Núcleo Bertholdo, próximo ao Poço Véu da Amante, 22º34´´11""S - 42º38´´17""W, 206 msm."
"MONUMENTO NATURAL MUNICIPAL DA SERRA DO SOARINHO","Angiosperms","Piperaceae","Piper","scolopendrifolium","Raddi","PIPERACEAE Piper scolopendrifolium Raddi","RFFP35797",,"RFFP","Damasceno, D.B.M.","631","Native","2024","Queiroz, G.A.","2024","Ouro","Ouro",,"Cachoeiras de Macacu","Brasil, Estado do Rio de Janeiro, Município de Cachoeiras de Macacu, Soarinho, Monumento Natural Municipal da Serra do Soarinho, Núcleo Soarinho, Vale do Rio Soarinho, acesso pela escolinha e a igreja, 22º36´´33""S - 42º42´´28""W, 254 msm."
"MONUMENTO NATURAL MUNICIPAL DA SERRA DO SOARINHO","Angiosperms","Piperaceae","Piper","xylosteoides","(Kunth) Steud.","PIPERACEAE Piper xylosteoides (Kunth) Steud.","RFFP35799",,"RFFP","Damasceno, D.B.M.","634","Native","2024","Queiroz, G.A.","2024","Ouro","Ouro",,"Cachoeiras de Macacu","Brasil, Estado do Rio de Janeiro, Município de Cachoeiras de Macacu, Soarinho, Monumento Natural Municipal da Serra do Soarinho, Núcleo Soarinho, Vale do Rio Soarinho, acesso pela escolinha e a igreja, 22º36´´33""S - 42º42´´28""W, 254 msm."
"MONUMENTO NATURAL MUNICIPAL DA SERRA DO SOARINHO","Angiosperms","Rubiaceae","Coussarea","megistophylla","Standl.","RUBIACEAE Coussarea megistophylla Standl.","RFFP35209",,"RFFP","Damasceno, D.B.M.","783","Native","2024","Gomes, M.","2024","Ouro","Ouro",,"Cachoeiras de Macacu","Soarinho, Monumento Natural Municipal da Serra do Soarinho, Núcleo Soarinho, Cachoeira Janela do Céu, 22º37´´01""S - 42º40´´59""W, 196 msm."
"MONUMENTO NATURAL MUNICIPAL DA SERRA DO SOARINHO","Angiosperms","Acanthaceae","Justicia","polita","(Nees) Profice","ACANTHACEAE Justicia polita (Nees) Profice","RFFP34949",,"RFFP","Damasceno, D.B.M.","358","Native","2023","Braz, D.M.","2024","Ouro","Ouro",,"Cachoeiras de Macacu","Soarinho, Monumento Natural Municipal da Serra do Soarinho, Núcleo Soarinho, 22º35´´28""S - 42º41´´28""W, 595 msm."
"MONUMENTO NATURAL MUNICIPAL DA SERRA DO SOARINHO","Angiosperms","Euphorbiaceae","Dalechampia","stipulacea","Müll.Arg.","EUPHORBIACEAE Dalechampia stipulacea Müll.Arg.","RFFP35654",,"RFFP","Damasceno, D.B.M.","419","Native","2023","Pinto, L.J.S.","2024","Ouro","Ouro",,"Cachoeiras de Macacu","Brasil, Estado do Rio de Janeiro, Município de Cachoeiras de Macacu, Soarinho, Monumento Natural Municipal da Serra do Soarinho, Núcleo Soarinho, 22°37´´03""S, 42°40´´42""W, 222 msm."
"MONUMENTO NATURAL MUNICIPAL DA SERRA DO SOARINHO","Angiosperms","Piperaceae","Piper","cernuum","Vell.","PIPERACEAE Piper cernuum Vell.","RFFP35610",,"RFFP","Damasceno, D.B.M.","357","Native","2023","Queiroz, G.A.","2024","Ouro","Ouro",,"Cachoeiras de Macacu","Brasil, Estado do Rio de Janeiro, Município de Cachoeiras de Macacu, Soarinho, Monumento Natural Municipal da Serra do Soarinho, Núcleo Soarinho, 22º36´´04""S - 42º41´´36""W, 396 msm."
"MONUMENTO NATURAL MUNICIPAL DA SERRA DO SOARINHO","Angiosperms","Piperaceae","Piper","divaricatum","G.Mey.","PIPERACEAE Piper divaricatum G.Mey.","RFFP35581",,"RFFP","Damasceno, D.B.M.","323","Native","2023","Queiroz, G.A.","2024","Ouro","Ouro",,"Cachoeiras de Macacu","Brasil, Estado do Rio de Janeiro, Município de Cachoeiras de Macacu, Soarinho, Monumento Natural Municipal da Serra do Soarinho, Núcleo Cavada, 22º34´´53""S - 42º40´´36""W, 192 msm."
"MONUMENTO NATURAL MUNICIPAL DA SERRA DO SOARINHO","Angiosperms","Piperaceae","Piper","lhotzkyanum","Kunth","PIPERACEAE Piper lhotzkyanum Kunth","RFFP35609",,"RFFP","Damasceno, D.B.M.","356","Native","2023","Queiroz, G.A.","2024","Ouro","Ouro",,"Cachoeiras de Macacu","Brasil, Estado do Rio de Janeiro, Município de Cachoeiras de Macacu, Soarinho, Monumento Natural Municipal da Serra do Soarinho, Núcleo Soarinho,, 22º36´´24""S - 42º41´´38""W, 321 msm."
"MONUMENTO NATURAL MUNICIPAL DA SERRA DO SOARINHO","Angiosperms","Apocynaceae","Macropharynx","peltata","(Vell.) J.F.Morales & M.E. Endress","APOCYNACEAE Macropharynx peltata (Vell.) J.F.Morales & M.E. Endress","RFFP34982",,"RFFP","Damasceno, D.B.M.","479","Native","2023","Morales, J.F.","2023","Ouro","Ouro",,"Cachoeiras de Macacu","Soarinho, Monumento Natural Municipal da Serra do Soarinho, Núcleo Bertholdo, margem da Rodovia RJ 126, 22º34´´24""S - 42°37´´46""W, 356 msm."
"MONUMENTO NATURAL MUNICIPAL DA SERRA DO SOARINHO","Angiosperms","Apocynaceae","Mandevilla","scabra","(Hoffmanns. ex Roem. & Schult.) K.Schum.","APOCYNACEAE Mandevilla scabra (Hoffmanns. ex Roem. & Schult.) K.Schum.","RFFP34977",,"RFFP","Damasceno, D.B.M.","514","Native","2023","Morales, J.F.","2023","Ouro","Ouro",,"Cachoeiras de Macacu","Soarinho, Monumento Natural Municipal da Serra do Soarinho, Núcleo Bertholdo, margem da Rodovia RJ 126, próximo ao acesso para Patis, 22º35´´35""S - 42°35´´59""W, 65 msm."
"MONUMENTO NATURAL MUNICIPAL DA SERRA DO SOARINHO","Angiosperms","Apocynaceae","Prestonia","coalita","(Vell.) Woodson","APOCYNACEAE Prestonia coalita (Vell.) Woodson","RFFP34980",,"RFFP","Damasceno, D.B.M.","463","Native","2023","Morales, J.F.","2023","Ouro","Ouro",,"Cachoeiras de Macacu","Soarinho, Monumento Natural Municipal da Serra do Soarinho, Núcleo Soarinho, 22º35´´43""S - 42º41´´35""W, 539 msm."
"MONUMENTO NATURAL MUNICIPAL DA SERRA DO SOARINHO","Angiosperms","Apocynaceae","Prestonia","denticulata","(Vell.) Woodson","APOCYNACEAE Prestonia denticulata (Vell.) Woodson","RFFP34985",,"RFFP","Damasceno, D.B.M.","308","Native","2023","Morales, J.F.","2023","Ouro","Ouro",,"Cachoeiras de Macacu","Soarinho, Monumento Natural Municipal da Serra do Soarinho, Núcleo Soarinho, 22º37´´27""S - 42º40´´53""W, 303 msm."
"MONUMENTO NATURAL MUNICIPAL DA SERRA DO SOARINHO","Angiosperms","Aristolochiaceae","Aristolochia","odora","Steud.","ARISTOLOCHIACEAE Aristolochia odora Steud.","RFFP34966",,"RFFP","Damasceno, D.B.M.","517","Native","2023","Freitas, J.","2023","Ouro","Ouro",,"Cachoeiras de Macacu","Soarinho, Monumento Natural Municipal da Serra do Soarinho, Núcleo Bertholdo, margem da Rodovia RJ 126, próximo ao acesso para Patis, 22º34´´06""S - 42°39´´03""W, 108 msm."
"MONUMENTO NATURAL MUNICIPAL DA SERRA DO SOARINHO","Angiosperms","Aristolochiaceae","Aristolochia","tamnifolia","(Klotzsch) Duch.","ARISTOLOCHIACEAE Aristolochia tamnifolia (Klotzsch) Duch.","RFFP34970",,"RFFP","Damasceno, D.B.M.","340","Native","2023","Freitas, J.","2023","Ouro","Ouro",,"Cachoeiras de Macacu","Soarinho, Monumento Natural Municipal da Serra do Soarinho, Núcleo Soarinho, 22º35´´43""S - 42º41´´35""W, 539 msm."
"MONUMENTO NATURAL MUNICIPAL DA SERRA DO SOARINHO","Angiosperms","Asteraceae","Mikania","argyreiae","DC.","ASTERACEAE Mikania argyreiae DC.","RFFP35000",,"RFFP","Damasceno, D.B.M.","198",,"2023","Ritter, M.R.","2023","Ouro","Ouro",,"Cachoeiras de Macacu","Soarinho, Monumento Natural Municipal da Serra do Soarinho, Núcleo Cavada, 22º35´´21""S - 42º39´´23""W, 315 msm."
"MONUMENTO NATURAL MUNICIPAL DA SERRA DO SOARINHO","Angiosperms","Asteraceae","Mikania","candolleana","Gardner","ASTERACEAE Mikania candolleana Gardner","RFFP35004",,"RFFP","Damasceno, D.B.M.","206",,"2023","Ritter, M.R.","2023","Ouro","Ouro",,"Cachoeiras de Macacu","Soarinho, Monumento Natural Municipal da Serra do Soarinho, Núcleo Cavada, 22º35´´21""S - 42º39´´23""W, 315 msm."
"MONUMENTO NATURAL MUNICIPAL DA SERRA DO SOARINHO","Angiosperms","Asteraceae","Mikania","capixaba","R.A.X. Borges & Fraga","ASTERACEAE Mikania capixaba R.A.X. Borges & Fraga","RFFP35012",,"RFFP","Damasceno, D.B.M.","286","Native","2023","Ritter, M.R.","2023","Ouro","Ouro",,"Cachoeiras de Macacu","Soarinho, Monumento Natural Municipal da Serra do Soarinho, Núcleo Soarinho, 22º36´´16""S - 42º39´´37""W, 221 msm."
"MONUMENTO NATURAL MUNICIPAL DA SERRA DO SOARINHO","Angiosperms","Asteraceae","Mikania","casarettoi","B.L.Rob.","ASTERACEAE Mikania casarettoi B.L.Rob.","RFFP35023",,"RFFP","Damasceno, D.B.M.","275","Native","2023","Ritter, M.R.","2023","Ouro","Ouro",,"Cachoeiras de Macacu","Soarinho, Monumento Natural Municipal da Serra do Soarinho, Núcleo Cavada, 22º35´´19""S - 42º39´´30""W, 332 msm."
"MONUMENTO NATURAL MUNICIPAL DA SERRA DO SOARINHO","Angiosperms","Asteraceae","Mikania","cordifolia","(L.f.) Willd.","ASTERACEAE Mikania cordifolia (L.f.) Willd.","RFFP35017",,"RFFP","Damasceno, D.B.M.","315","Native","2023","Ritter, M.R.","2023","Ouro","Ouro",,"Cachoeiras de Macacu","Soarinho, Monumento Natural Municipal da Serra do Soarinho, Núcleo Granada, Estrada do Soarinho 22º36´´19""S - 42º44´´07""W, 20 msm."
"MONUMENTO NATURAL MUNICIPAL DA SERRA DO SOARINHO","Angiosperms","Asteraceae","Mikania","glomerata","Spreng.","ASTERACEAE Mikania glomerata Spreng.","RFFP35011",,"RFFP","Damasceno, D.B.M.","282","Native","2023","Ritter, M.R.","2023","Ouro","Ouro",,"Cachoeiras de Macacu","Soarinho, Monumento Natural Municipal da Serra do Soarinho, Núcleo Soarinho, 22º36´´16""S - 42º39´´37""W, 221 msm."
"MONUMENTO NATURAL MUNICIPAL DA SERRA DO SOARINHO","Angiosperms","Asteraceae","Mikania","trinervis","Hook. & Arn.","ASTERACEAE Mikania trinervis Hook. & Arn.","RFFP35006",,"RFFP","Damasceno, D.B.M.","240","Native","2023","Ritter, M.R.","2023","Ouro","Ouro",,"Cachoeiras de Macacu","Soarinho, Monumento Natural Municipal da Serra do Soarinho, Núcleo Soarinho, 22º36´´28""S - 42º41´´24""W, 335 msm."
"MONUMENTO NATURAL MUNICIPAL DA SERRA DO SOARINHO","Angiosperms","Bignoniaceae","Amphilophium","scabriusculum","(Mart. ex DC.) L.G.Lohmann","BIGNONIACEAE Amphilophium scabriusculum (Mart. ex DC.) L.G.Lohmann","RFFP34933",,"RFFP","Damasceno, D.B.M.","190","Native","2023","Lohmann, L.G.","2023","Ouro","Ouro",,"Cachoeiras de Macacu","Soarinho, Monumento Natural Municipal da Serra do Soarinho, Núcleo Cavada, 22º34´´33""S - 42º41´´17""W, 66 msm."
"MONUMENTO NATURAL MUNICIPAL DA SERRA DO SOARINHO","Angiosperms","Bignoniaceae","Anemopaegma","prostratum","DC.","BIGNONIACEAE Anemopaegma prostratum DC.","RFFP35141",,"RFFP","Damasceno, D.B.M.","483","Native","2023","Firetti-Leggieri, F.","2023","Ouro","Ouro",,"Cachoeiras de Macacu","Soarinho, Monumento Natural Municipal da Serra do Soarinho, Núcleo Cavada, início da trilha para a parte alta com acesso pelo Parque Terra Santa, 22º34´´38""S - 42°41´´21""W, 98 msm."
"MONUMENTO NATURAL MUNICIPAL DA SERRA DO SOARINHO","Angiosperms","Bignoniaceae","Callichlamys","latifolia","(Rich.) K.Schum.","BIGNONIACEAE Callichlamys latifolia (Rich.) K.Schum.","RFFP35077",,"RFFP","Damasceno, D.B.M.","339","Native","2023","Kaehler, M.","2023","Ouro","Ouro",,"Cachoeiras de Macacu","Soarinho, Monumento Natural Municipal da Serra do Soarinho, Núcleo Soarinho, 22º35´´31""S - 42º41´´07""W, 589 msm."
"MONUMENTO NATURAL MUNICIPAL DA SERRA DO SOARINHO","Angiosperms","Bignoniaceae","Lundia","corymbifera","(Vahl) Sandwith","BIGNONIACEAE Lundia corymbifera (Vahl) Sandwith","RFFP35110",,"RFFP","Damasceno, D.B.M.","336","Native","2023","Kaehler, M.","2023","Ouro","Ouro",,"Cachoeiras de Macacu","Soarinho, Monumento Natural Municipal, da Serra do Soarinho, Núcleo Soarinho, Estrada do Soarinho, 22º37´´05""S - 42º40´´42""W, 223 msm."
"MONUMENTO NATURAL MUNICIPAL DA SERRA DO SOARINHO","Angiosperms","Cucurbitaceae","Cayaponia","tayuya","(Vell.) Cogn.","CUCURBITACEAE Cayaponia tayuya (Vell.) Cogn.","RFFP35095",,"RFFP","Damasceno, D.B.M.","205","Native","2023","Klein, V.L.G.","2023","Ouro","Ouro",,"Cachoeiras de Macacu","Soarinho, Monumento Natural Municipal da Serra do Soarinho, Núcleo Cavada, 22º35´´21""S - 42º39´´23""W, 315 msm."
"MONUMENTO NATURAL MUNICIPAL DA SERRA DO SOARINHO","Angiosperms","Cucurbitaceae","Cayaponia","trilobata","(Cogn.) Cogn.","CUCURBITACEAE Cayaponia trilobata (Cogn.) Cogn.","RFFP35531",,"RFFP","Damasceno, D.B.M.","245","Native","2023","Klein, V.L.G.","2023","Ouro","Ouro",,"Cachoeiras de Macacu","Brasil, Estado do Rio de Janeiro, Município de Cachoeiras de Macacu, Soarinho, Monumento Natural Municipal da Serra do Soarinho, Núcleo Soarinho, 22º36´´28""S - 42º41´´24""W, 335 msm."
"MONUMENTO NATURAL MUNICIPAL DA SERRA DO SOARINHO","Angiosperms","Cucurbitaceae","Cayaponia","villosissima","Cogn.","CUCURBITACEAE Cayaponia villosissima Cogn.","RFFP35633",,"RFFP","Damasceno, D.B.M.","391","Native","2023","Klein, V.L.G.","2023","Ouro","Ouro",,"Cachoeiras de Macacu","Brasil, Estado do Rio de Janeiro, Município de Cachoeiras de Macacu, Soarinho, Monumento Natural Municipal da Serra do Soarinho, Núcleo Cavada, 22º35´´34""S - 42º39´´05""W, 227 msm."
"MONUMENTO NATURAL MUNICIPAL DA SERRA DO SOARINHO","Angiosperms","Cucurbitaceae","Gurania","subumbellata","(Miq.) Cogn.","CUCURBITACEAE Gurania subumbellata (Miq.) Cogn.","RFFP35720",,"RFFP","Damasceno, D.B.M.","525","Native","2023","Klein, V.L.G.","2023","Ouro","Ouro",,"Cachoeiras de Macacu","Brasil, Estado do Rio de Janeiro, Município de Cachoeiras de Macacu, Soarinho, Monumento Natural Municipal da Serra do Soarinho, Núcleo Bertholdo, margem da Rodovia RJ 126, após o Sítio Recanto do Céu, 22º34´´48""S - 42°37´´04""W, 243 msm."
"MONUMENTO NATURAL MUNICIPAL DA SERRA DO SOARINHO","Angiosperms","Cucurbitaceae","Psiguria","ternata","(M.Roem.) C.Jeffrey","CUCURBITACEAE Psiguria ternata (M.Roem.) C.Jeffrey","RFFP35652",,"RFFP","Damasceno, D.B.M.","417","Native","2023","Klein, V.L.G.","2023","Ouro","Ouro",,"Cachoeiras de Macacu","Brasil, Estado do Rio de Janeiro, Divisa dos Municípios de Cachoeiras de Macacu com Rio Bonito, Soarinho, Monumento Natural Municipal da Serra do Soarinho, Núcleo Soarinho, 22°38´´17""S, 42°39´´18""W, 255 msm."
"MONUMENTO NATURAL MUNICIPAL DA SERRA DO SOARINHO","Angiosperms","Cyatheaceae","Cyathea","delgadii","Pohl. ex Sternb.","CYATHEACEAE Cyathea delgadii Pohl. ex Sternb.","RFFP35098",,"RFFP","Damasceno, D.B.M.","210","Native","2023","Santos, M.G.","2023","Ouro","Ouro",,"Cachoeiras de Macacu","Soarinho, Monumento Natural Municipal da Serra do Soarinho, Núcleo Cavada, 22º35´´21""S - 42º39´´23""W, 315 msm."
"MONUMENTO NATURAL MUNICIPAL DA SERRA DO SOARINHO","Angiosperms","Euphorbiaceae","Dalechampia","clausseniana","Baill.","EUPHORBIACEAE Dalechampia clausseniana Baill.","RFFP35664",,"RFFP","Damasceno, D.B.M.","431","Native","2023","Pinto, L.J.S.","2023","Ouro","Ouro",,"Cachoeiras de Macacu","Brasil, Estado do Rio de Janeiro, Município de Cachoeiras de Macacu, Soarinho, Monumento Natural Municipal da Serra do Soarinho, Núcleo Granada, 22º39´´39""S – 42º43´´06""W, 82 msm."
"MONUMENTO NATURAL MUNICIPAL DA SERRA DO SOARINHO","Angiosperms","Fabaceae","Apuleia","leiocarpa","(Vogel) J.F.Macbr.","FABACEAE Apuleia leiocarpa (Vogel) J.F.Macbr.","RFFP35690",,"RFFP","Damasceno, D.B.M.","475","Native","2023","Lima, H.C.","2023","Ouro","Ouro",,"Cachoeiras de Macacu","Brasil, Estado do Rio de Janeiro, Município de Cachoeiras de Macacu, Soarinho, Monumento Natural Municipal da Serra do Soarinho, Núcleo Soarinho, 22º35´´31""S - 42º41´´07""W, 589 msm."
"MONUMENTO NATURAL MUNICIPAL DA SERRA DO SOARINHO","Angiosperms","Fabaceae","Inga","leptantha","Benth.","FABACEAE Inga leptantha Benth.","RFFP35689",,"RFFP","Damasceno, D.B.M.","474","Native","2023","Lima, H.C.","2023","Ouro","Ouro",,"Cachoeiras de Macacu","Brasil, Estado do Rio de Janeiro, Município de Cachoeiras de Macacu, Soarinho, Monumento Natural Municipal da Serra do Soarinho, Núcleo Soarinho, 22°37´´00""S, 42°41´´01""W, 185 msm."
"MONUMENTO NATURAL MUNICIPAL DA SERRA DO SOARINHO","Angiosperms","Malpighiaceae","Glicophyllum","paludosum","(A.Juss.) R.F.Almeida","MALPIGHIACEAE Glicophyllum paludosum (A.Juss.) R.F.Almeida","RFFP35579",,"RFFP","Damasceno, D.B.M.","320","Native","2023","Almeida, R.F.","2023","Ouro","Ouro",,"Cachoeiras de Macacu","Brasil, Estado do Rio de Janeiro, Município de Cachoeiras de Macacu, Soarinho, Monumento Natural Municipal da Serra do Soarinho, Núcleo Cavada, 22º34´´28""S - 42º41´´36""W, 55 msm."
"MONUMENTO NATURAL MUNICIPAL DA SERRA DO SOARINHO","Angiosperms","Malpighiaceae","Heteropterys","sericea","(Cav.) A.Juss.","MALPIGHIACEAE Heteropterys sericea (Cav.) A.Juss.","RFFP35630",,"RFFP","Damasceno, D.B.M.","385","Native","2023","Almeida, R.F.","2023","Ouro","Ouro",,"Cachoeiras de Macacu","Brasil, Estado do Rio de Janeiro, Município de Cachoeiras de Macacu, Soarinho, Monumento Natural Municipal da Serra do Soarinho, Núcleo Soarinho, 22º36´´16""S - 42º39´´37""W, 221 msm."
"MONUMENTO NATURAL MUNICIPAL DA SERRA DO SOARINHO","Angiosperms","Malpighiaceae","Mezia","araujoi","Nied.","MALPIGHIACEAE Mezia araujoi Nied.","RFFP35674",,"RFFP","Damasceno, D.B.M.","447",,"2023","Almeida, R.F.","2023","Ouro","Ouro",,"Cachoeiras de Macacu","Brasil, Estado do Rio de Janeiro, Município de Cachoeiras de Macacu, Soarinho, Monumento Natural Municipal da Serra do Soarinho, Núcleo Bertholdo, margem da Rodovia RJ 126, 22º34´´24""S - 42°37´´46""W, 356 msm."
"MONUMENTO NATURAL MUNICIPAL DA SERRA DO SOARINHO","Angiosperms","Malpighiaceae","Niedenzuella","acutifolia","(Cav.) W.R.Anderson","MALPIGHIACEAE Niedenzuella acutifolia (Cav.) W.R.Anderson","RFFP35595",,"RFFP","Damasceno, D.B.M.","338","Native","2023","Almeida, R.F.","2023","Ouro","Ouro",,"Cachoeiras de Macacu","Brasil, Estado do Rio de Janeiro, Município de Cachoeiras de Macacu, Soarinho, Monumento Natural Municipal da Serra do Soarinho, Núcleo Soarinho, antes do rio que corta a parte alta, 22º36´´04""S - 42º41´´36""W, 396 msm."
"MONUMENTO NATURAL MUNICIPAL DA SERRA DO SOARINHO","Angiosperms","Malpighiaceae","Stigmaphyllon","acuminatum","A.Juss.","MALPIGHIACEAE Stigmaphyllon acuminatum A.Juss.","RFFP35608",,"RFFP","Damasceno, D.B.M.","355","Native","2023","Almeida, R.F.","2023","Ouro","Ouro",,"Cachoeiras de Macacu","Brasil, Estado do Rio de Janeiro, Município de Cachoeiras de Macacu, Soarinho, Monumento Natural Municipal da Serra do Soarinho, Núcleo Soarinho, 22º35´´28""S - 42º41´´28""W, 595 msm."
"MONUMENTO NATURAL MUNICIPAL DA SERRA DO SOARINHO","Angiosperms","Malpighiaceae","Stigmaphyllon","tomentosum","A.Juss.","MALPIGHIACEAE Stigmaphyllon tomentosum A.Juss.","RFFP35515",,"RFFP","Damasceno, D.B.M.","221","Native","2023","Almeida, R.F.","2023","Ouro","Ouro",,"Cachoeiras de Macacu","Brasil, Estado do Rio de Janeiro, Município de Cachoeiras de Macacu, Soarinho, Monumento Natural Municipal da Serra do Soarinho, Núcleo Granada, RJ-116 (Rodovia Presidente João Goulart), 22º35´´21""S - 42º39´´23""W, 22 msm."
"MONUMENTO NATURAL MUNICIPAL DA SERRA DO SOARINHO","Angiosperms","Malpighiaceae","Tetrapterys","mucronata","Cav.","MALPIGHIACEAE Tetrapterys mucronata Cav.","RFFP35519",,"RFFP","Damasceno, D.B.M.","228","Naturalized","2023","Almeida, R.F.","2023","Ouro","Ouro",,"Cachoeiras de Macacu","Brasil, Estado do Rio de Janeiro, Município de Cachoeiras de Macacu, Soarinho, Monumento Natural Municipal da Serra do Soarinho, Núcleo Soarinho, 22º36´´45""S - 42º40´´38""W, 169 msm."
"MONUMENTO NATURAL MUNICIPAL DA SERRA DO SOARINHO","Angiosperms","Myrtaceae","Eugenia","stigmatosa","DC.","MYRTACEAE Eugenia stigmatosa DC.","RFFP35691",,"RFFP","Damasceno, D.B.M.","476","Native","2023","Souza, M.C.","2023","Ouro","Ouro",,"Cachoeiras de Macacu","Brasil, Estado do Rio de Janeiro, Município de Cachoeiras de Macacu, Soarinho, Monumento Natural Municipal da Serra do Soarinho, Núcleo Soarinho, 22º36´´04""S - 42º41´´36""W, 396 msm."
"MONUMENTO NATURAL MUNICIPAL DA SERRA DO SOARINHO","Angiosperms","Polygonaceae","Coccoloba","declinata","(Vell.) Mart.","POLYGONACEAE Coccoloba declinata (Vell.) Mart.","RFFP35686",,"RFFP","Damasceno, D.B.M.","471","Native","2023","Melo, E.","2023","Ouro","Ouro",,"Cachoeiras de Macacu","Brasil, Estado do Rio de Janeiro, Município de Cachoeiras de Macacu, Soarinho, Monumento Natural Municipal da Serra do Soarinho, Núcleo Soarinho, 22º35´´34""S - 42º41´´03""W, 596 msm."
"MONUMENTO NATURAL MUNICIPAL DA SERRA DO SOARINHO","Angiosperms","Rubiaceae","Borreria","latifolia","(Aubl.) K.Schum.","RUBIACEAE Borreria latifolia (Aubl.) K.Schum.","RFFP35530",,"RFFP","Damasceno, D.B.M.","244","Native","2023","Gomes, M.","2023","Ouro","Ouro",,"Cachoeiras de Macacu","Brasil, Estado do Rio de Janeiro, Município de Cachoeiras de Macacu, Soarinho, Monumento Natural Municipal da Serra do Soarinho, Núcleo Soarinho, 22º36´´28""S - 42º41´´24""W, 335 msm."
"MONUMENTO NATURAL MUNICIPAL DA SERRA DO SOARINHO","Angiosperms","Sapindaceae","Cardiospermum","grandiflorum","Sw.","SAPINDACEAE Cardiospermum grandiflorum Sw.","RFFP35666",,"RFFP","Damasceno, D.B.M.","433","Native","2023","Somner, G.V.","2023","Ouro","Ouro",,"Cachoeiras de Macacu","Brasil, Estado do Rio de Janeiro, Município de Cachoeiras de Macacu, Soarinho, Monumento Natural Municipal da Serra do Soarinho, Núcleo Granada, 22º39´´12""S - 42°43´´44""W, 33 msm."
"MONUMENTO NATURAL MUNICIPAL DA SERRA DO SOARINHO","Angiosperms","Sapindaceae","Serjania","caracasana","(Jacq.) Willd.","SAPINDACEAE Serjania caracasana (Jacq.) Willd.","RFFP35667",,"RFFP","Damasceno, D.B.M.","434","Native","2023","Somner, G.V.","2023","Ouro","Ouro",,"Cachoeiras de Macacu","Brasil, Estado do Rio de Janeiro, Município de Cachoeiras de Macacu, Soarinho, Monumento Natural Municipal da Serra do Soarinho, Núcleo Granada, 22º39´´12""S - 42°43´´44""W, 33 msm."
"MONUMENTO NATURAL MUNICIPAL DA SERRA DO SOARINHO","Angiosperms","Sapindaceae","Urvillea","stipitata","Radlk.","SAPINDACEAE Urvillea stipitata Radlk.","RFFP35628",,"RFFP","Damasceno, D.B.M.","382","Native","2023","Somner, G.V.","2023","Ouro","Ouro",,"Cachoeiras de Macacu","Brasil, Estado do Rio de Janeiro, Município de Cachoeiras de Macacu, Soarinho, Monumento Natural Municipal da Serra do Soarinho, Núcleo Cavada, margem da Rodovia RJ 116, após a Subestação ENEL Papucaia, 22º35´´11""S - 42º42´´59""W, 23 msm."
"MONUMENTO NATURAL MUNICIPAL DA SERRA DO SOARINHO","Angiosperms","Heliconiaceae","Heliconia","angusta","Vell.","HELICONIACEAE Heliconia angusta Vell.","R010098798",,"R","Braga, J.M.A.","24-035","Native","2024","Braga, J.M.A.","2024","Prata","Ouro","jbrj-public-img.s3-sa-east-1.amazonaws.com/JPG/herbariumr/r/1/0/98/79/8/r010098798.jpg","Cachoeiras de Macacu","Papucaia, Soarinho. Monumento Natural Municipal da Serra do Soarinho"
"MONUMENTO NATURAL MUNICIPAL DA SERRA DO SOARINHO","Angiosperms","Convolvulaceae","Distimake","dissectus","(Jacq.) A.R. Simões & Staples","CONVOLVULACEAE Distimake dissectus (Jacq.) A.R. Simões & Staples","RFFP36466",,"RFFP","Damasceno, D.B.M.","1207","Native",,"Machado, D.N.S.","2025","Prata","Ouro",,"Cachoeiras de Macacu","Brasil, Estado do Rio de Janeiro, Divisa dos Municípios de Cachoeiras de Macacu e Silva Jardim, Gaviões, Monumento Natural Municipal da Serra do Soarinho, Núcleo Patis, margem do Rio São João, 22º34´´59""S - 42º34´´15""W, 54 msm."
"MONUMENTO NATURAL MUNICIPAL DA SERRA DO SOARINHO","Angiosperms","Celastraceae","Tontelea","miersii","(Peyr.) A.C. Sm.","CELASTRACEAE Tontelea miersii (Peyr.) A.C. Sm.","RFFP36410",,"RFFP","Damasceno, D.B.M.","487","Native",,"Machado, D.N.S.","2024","Prata","Ouro",,"Cachoeiras de Macacu","Soarinho, Monumento Natural Municipal da Serra do Soarinho, Núcleo Soarinho, área da Janela do Céu, 22°37´´00""S, 42°41´´01""W, 185 msm."
"MONUMENTO NATURAL MUNICIPAL DA SERRA DO SOARINHO","Angiosperms","Cactaceae","Lepismium","cruciforme","(Vell.) Miq.","CACTACEAE Lepismium cruciforme (Vell.) Miq.","RFFP37365",,"RFFP","Damasceno, D.B.M.","1689","Native","2026","Machado, D.N.S.","2026","Prata","Ouro",,"Cachoeiras de Macacu","Papucaia, Monumento Natural Municipal da Serra do Soarinho, Núcleo Cavada, trilha após a Subestação ENEL Papucaia, 22º35´11""S - 42º42´52""W, 45 msm."
"MONUMENTO NATURAL MUNICIPAL DA SERRA DO SOARINHO","Angiosperms","Cactaceae","Pereskia","grandifolia","Haw.","CACTACEAE Pereskia grandifolia Haw.","RFFP37364",,"RFFP","Damasceno, D.B.M.","1698","Native","2026","Machado, D.N.S.","2026","Prata","Ouro",,"Cachoeiras de Macacu","Bertholdo, Monumento Natural Municipal da Serra do Soarinho, Núcleo Bertholdo, RJ 126,22º33´40""S - 42º40´54""W, 31 msm."
"MONUMENTO NATURAL MUNICIPAL DA SERRA DO SOARINHO","Angiosperms","Campanulaceae","Hippobroma","longiflora","(L.) G.Don","CAMPANULACEAE Hippobroma longiflora (L.) G.Don","RFFP37343",,"RFFP","Damasceno, D.B.M.","1714","Native","2026","Machado, D.N.S.","2026","Prata","Ouro",,"Cachoeiras de Macacu","Soarinho, Monumento Natural Municipal da Serra do Soarinho, Núcleo Bertholdo, margem da Rodovia RJ 126, 22º33´39""S - 42º39´32""W, 62 msm."
"MONUMENTO NATURAL MUNICIPAL DA SERRA DO SOARINHO","Angiosperms","Clethraceae","Clethra","scabra","Pers.","CLETHRACEAE Clethra scabra Pers.","RFFP37342",,"RFFP","Damasceno, D.B.M.","1713","Native","2026","Machado, D.N.S.","2026","Prata","Ouro",,"Cachoeiras de Macacu","Soarinho, Monumento Natural Municipal da Serra do Soarinho, Núcleo Bertholdo, margem da Rodovia RJ 126, 22º34´22""S - 42º37´51""W, 371 msm."
"MONUMENTO NATURAL MUNICIPAL DA SERRA DO SOARINHO","Angiosperms","Erythroxylaceae","Erythroxylum","cuspidifolium","Mart.","ERYTHROXYLACEAE Erythroxylum cuspidifolium Mart.","RFFP37452",,"RFFP","Damasceno, D.B.M.","1699","Native","2026","Machado, D.N.S.","2026","Prata","Ouro",,"Cachoeiras de Macacu","Soarinho, Monumento Natural Municipal da Serra do Soarinho, Núcleo Bertholdo, estrada que liga a RJ 126 ao Soarinho, 22º34’29”S - 42º38’19”W, 340 msm."
"MONUMENTO NATURAL MUNICIPAL DA SERRA DO SOARINHO","Angiosperms","Fabaceae","Clitoria","ternatea","L.","FABACEAE Clitoria ternatea L.","RFFP37455",,"RFFP","Damasceno, D.B.M.","1702","Native","2026","Machado, D.N.S.","2026","Prata","Ouro",,"Cachoeiras de Macacu","Soarinho, Monumento Natural Municipal da Serra do Soarinho, Núcleo Granada, Estrada do Soarinho, 22º37’20”S - 42º42’13”W, 30 msm."
"MONUMENTO NATURAL MUNICIPAL DA SERRA DO SOARINHO","Angiosperms","Fabaceae","Inga","vera","(DC.) T.D.Penn.","FABACEAE Inga vera subsp. affinis (DC.) T.D.Penn.","RFFP37454",,"RFFP","Damasceno, D.B.M.","1701","Native","2026","Machado, D.N.S.","2026","Prata","Ouro",,"Cachoeiras de Macacu","Soarinho, Monumento Natural Municipal da Serra do Soarinho, Núcleo Soarinho, início da Estrada do Soarinho, 22º36’18”S - 42°44’07”W, 12 msm."
"MONUMENTO NATURAL MUNICIPAL DA SERRA DO SOARINHO","Angiosperms","Fabaceae","Senna","affinis","(Benth.) H.S.Irwin & Barneby","FABACEAE Senna affinis (Benth.) H.S.Irwin & Barneby","RFFP37464",,"RFFP","Damasceno, D.B.M.","1711","Native","2026","Machado, D.N.S.","2026","Prata","Ouro",,"Cachoeiras de Macacu","Soarinho, Monumento Natural Municipal da Serra do Soarinho, Núcleo Bertholdo, margem da Rodovia RJ 126, 22º34’22”S - 42°37’51”W, 371 msm."
"MONUMENTO NATURAL MUNICIPAL DA SERRA DO SOARINHO","Angiosperms","Fabaceae","Senna","alata","(L.) Roxb.","FABACEAE Senna alata (L.) Roxb.","RFFP37453",,"RFFP","Damasceno, D.B.M.","1700","Native","2026","Machado, D.N.S.","2026","Prata","Ouro",,"Cachoeiras de Macacu","Bertholdo, Monumento Natural Municipal da Serra do Soarinho, Núcleo Bertholdo, RJ 126, 22º33’40”S - 42º40’54”W, 31 msm."
"MONUMENTO NATURAL MUNICIPAL DA SERRA DO SOARINHO","Angiosperms","Heliconiaceae","Heliconia","episcopalis","Vell.","HELICONIACEAE Heliconia episcopalis Vell.","RFFP37446",,"RFFP","Damasceno, D.B.M.","1691","Native","2026","Braga, J.M.A.","2026","Prata","Ouro",,"Cachoeiras de Macacu","Papucaia, Monumento Natural Municipal da Serra do Soarinho, Núcleo Cavada, trilha após a Subestação ENEL Papucaia, 22º35’11”S - 42º42’52”W, 45 msm."
"MONUMENTO NATURAL MUNICIPAL DA SERRA DO SOARINHO","Angiosperms","Lamiaceae","Vitex","polygama","Cham.","LAMIACEAE Vitex polygama Cham.","RFFP37465",,"RFFP","Damasceno, D.B.M.","1712","Native","2026","Machado, D.N.S.","2026","Prata","Ouro",,"Cachoeiras de Macacu","Soarinho, Monumento Natural Municipal da Serra do Soarinho, Núcleo Soarinho, próximo ao Sítio Verde, 22º37’20”S - 42º41’38”W, 69 msm."
"MONUMENTO NATURAL MUNICIPAL DA SERRA DO SOARINHO","Angiosperms","Malvaceae","Pavonia","nemoralis","A.St.-Hil.","MALVACEAE Pavonia nemoralis A.St.-Hil.","RFFP37456",,"RFFP","Damasceno, D.B.M.","1703","Native","2026","Machado, D.N.S.","2026","Prata","Ouro",,"Cachoeiras de Macacu","Soarinho, Monumento Natural Municipal da Serra do Soarinho, Núcleo Bertholdo, estrada que liga a RJ 126 ao Soarinho, 22º34’29”S - 42º38’19”W, 340 msm."
"MONUMENTO NATURAL MUNICIPAL DA SERRA DO SOARINHO","Angiosperms","Meliaceae","Cabralea","canjerana","(Vell.) Mart.","MELIACEAE Cabralea canjerana (Vell.) Mart.","RFFP37445",,"RFFP","Damasceno, D.B.M.","1690","Native","2026","Machado, D.N.S.","2026","Prata","Ouro",,"Cachoeiras de Macacu","Papucaia, Monumento Natural Municipal da Serra do Soarinho, Núcleo Cavada, trilha após a Subestação ENEL Papucaia, 22º35’11”S - 42º42’52”W, 45 msm."
"MONUMENTO NATURAL MUNICIPAL DA SERRA DO SOARINHO","Angiosperms","Myrtaceae","Campomanesia","guaviroba","(DC.) Kiaersk.","MYRTACEAE Campomanesia guaviroba (DC.) Kiaersk.","RFFP37458",,"RFFP","Damasceno, D.B.M.","1705","Native","2026","Machado, D.N.S.","2026","Prata","Ouro",,"Cachoeiras de Macacu","Soarinho, Monumento Natural Municipal da Serra do Soarinho, Núcleo Cavada, 22º35’34”S - 42º39’05”W, 227 msm."
"MONUMENTO NATURAL MUNICIPAL DA SERRA DO SOARINHO","Angiosperms","Ochnaceae","Sauvagesia","erecta","L.","OCHNACEAE Sauvagesia erecta L.","RFFP37459",,"RFFP","Damasceno, D.B.M.","1706","Native","2026","Machado, D.N.S.","2026","Prata","Ouro",,"Cachoeiras de Macacu","Soarinho, Monumento Natural Municipal da Serra do Soarinho, Núcleo Bertholdo, margem da Rodovia RJ 126, 22º34’22”S - 42°37’51”W, 371 msm."
"MONUMENTO NATURAL MUNICIPAL DA SERRA DO SOARINHO","Angiosperms","Rubiaceae","Simira","rubra","(Mart.) Steyerm.","RUBIACEAE Simira rubra (Mart.) Steyerm.","RFFP37463",,"RFFP","Damasceno, D.B.M.","1710","Native","2026","Machado, D.N.S.","2026","Prata","Ouro",,"Cachoeiras de Macacu","Soarinho, Monumento Natural Municipal da Serra do Soarinho, Núcleo Soarinho, 22º36’16”S - 42º39’37”W, 221 msm."
"MONUMENTO NATURAL MUNICIPAL DA SERRA DO SOARINHO","Angiosperms","Solanaceae","Dyssochroma","viridiflorum","(Sims) Miers","SOLANACEAE Dyssochroma viridiflorum (Sims) Miers","RFFP37466",,"RFFP","Damasceno, D.B.M.","1715","Native","2026","Machado, D.N.S.","2026","Prata","Ouro",,"Cachoeiras de Macacu","Soarinho, Monumento Natural Municipal da Serra do Soarinho, Núcleo Bertholdo, margem da Rodovia RJ 126, 22º33’39”S - 42°39’32”W, 62 msm."
"MONUMENTO NATURAL MUNICIPAL DA SERRA DO SOARINHO","Angiosperms","Solanaceae","Solanum","pseudoquina","A.St.-Hil.","SOLANACEAE Solanum pseudoquina A.St.-Hil.","RFFP37460",,"RFFP","Damasceno, D.B.M.","1707","Native","2026","Machado, D.N.S.","2026","Prata","Ouro",,"Cachoeiras de Macacu","Soarinho, Monumento Natural Municipal da Serra do Soarinho, Núcleo Bertholdo, margem da Rodovia RJ 126, 22º34’22”S - 42°37’51”W, 371 msm."
"MONUMENTO NATURAL MUNICIPAL DA SERRA DO SOARINHO","Angiosperms","Verbenaceae","Lantana","trifolia","L.","VERBENACEAE Lantana trifolia L.","RFFP37461",,"RFFP","Damasceno, D.B.M.","1708","Native","2026","Machado, D.N.S.","2026","Prata","Ouro",,"Cachoeiras de Macacu","Soarinho, Monumento Natural Municipal da Serra do Soarinho, Núcleo Soarinho, início da Estrada do Soarinho, 22º36’18”S - 42°44’07”W, 12 msm."
"MONUMENTO NATURAL MUNICIPAL DA SERRA DO SOARINHO","Angiosperms","Verbenaceae","Verbena","litoralis","Kunth","VERBENACEAE Verbena litoralis Kunth","RFFP37462",,"RFFP","Damasceno, D.B.M.","1709","Native","2026","Machado, D.N.S.","2026","Prata","Ouro",,"Cachoeiras de Macacu","Bertholdo, Monumento Natural Municipal da Serra do Soarinho, Núcleo Bertholdo, RJ 126, 22º33’40”S - 42º40’54”W, 31 msm."
"MONUMENTO NATURAL MUNICIPAL DA SERRA DO SOARINHO","Ferns and Lycophytes","Lauraceae","Aiouea","glaziovii","(Mez) R.Rohde","LAURACEAE Aiouea glaziovii (Mez) R.Rohde","RFFP37240",,"RFFP","Damasceno, D.B.M.","1569","Native","2025","Machado, D.N.S.","2026","Prata","Ouro",,"Cachoeiras de Macacu","Soarinho, Monumento Natural Municipal da Serra do Soarinho, Núcleo Soarinho, início da Estrada do Soarinho, 22º36’18”S - 42°44’07”W, 12 msm."
"MONUMENTO NATURAL MUNICIPAL DA SERRA DO SOARINHO","Angiosperms","Acanthaceae","Ruellia","solitaria","Vell.","ACANTHACEAE Ruellia solitaria Vell.","RFFP37064",,"RFFP","Damasceno, D.B.M.","1561","Native","2025","Machado, D.N.S.","2025","Prata","Ouro",,"Cachoeiras de Macacu","Soarinho, Monumento Natural Municipal da Serra do Soarinho, Núcleo Cavada, acesso pelo Parque Terra Santa, trilha para a parte alta, 22º35’56”S - 42º40’39”W, 598 msm."
"MONUMENTO NATURAL MUNICIPAL DA SERRA DO SOARINHO","Angiosperms","Achariaceae","Carpotroche","brasiliensis","(Raddi) A Gray","ACHARIACEAE Carpotroche brasiliensis (Raddi) A Gray","RFFP37074",,"RFFP","Damasceno, D.B.M.","1589","Native","2025","Machado, D.N.S.","2025","Prata","Ouro",,"Cachoeiras de Macacu","Soarinho, Monumento Natural Municipal da Serra do Soarinho, Núcleo Soarinho, Vale do Rio Soarinho, acesso pela escolinha e a igreja, 22º36”33”S - 42º42’28”W, 254 msm. Monumento Natural da Serra do Soarinho"
"MONUMENTO NATURAL MUNICIPAL DA SERRA DO SOARINHO","Angiosperms","Apocynaceae","Condylocarpon","intermedium","Müll.Arg.","APOCYNACEAE Condylocarpon intermedium Müll.Arg.","RFFP36441",,"RFFP","Damasceno, D.B.M.","1294","Native","2025","Machado, D.N.S.","2025","Prata","Ouro",,"Cachoeiras de Macacu","Soarinho, Monumento Natural Municipal da Serra do Soarinho, Núcleo Soarinho, Estrada do Soarinho, área após a Igreja Evangélica, na curva da Myrtaceae, 22º36´´16""S - 42º39´´36""W, 222 msm."
"MONUMENTO NATURAL MUNICIPAL DA SERRA DO SOARINHO","Angiosperms","Apocynaceae","Condylocarpon","isthmicum","(Vell.) A.DC.","APOCYNACEAE Condylocarpon isthmicum (Vell.) A.DC.","RFFP36442",,"RFFP","Damasceno, D.B.M.","1279","Native","2025","Machado, D.N.S.","2025","Prata","Ouro",,"Cachoeiras de Macacu","Soarinho, Monumento Natural Municipal da Serra do Soarinho, Núcleo Soarinho, Vale do Rio Soarinho, acesso pela escolinha e a igreja, 22º36´´46""S - 42º42´´50""W, 191 msm."
"MONUMENTO NATURAL MUNICIPAL DA SERRA DO SOARINHO","Angiosperms","Apocynaceae","Ditassa","burchellii","Hook. & Arn.","APOCYNACEAE Ditassa burchellii Hook. & Arn.","RFFP36443",,"RFFP","Damasceno, D.B.M.","1195","Native","2025","Machado, D.N.S.","2025","Prata","Ouro",,"Cachoeiras de Macacu","Gaviões, Monumento Natural Municipal da Serra do Soarinho, Núcleo Patis, margem do Rio São João, 22º35´´10""S - 42º34´´10""W, 77 msm."
"MONUMENTO NATURAL MUNICIPAL DA SERRA DO SOARINHO","Angiosperms","Apocynaceae","Forsteronia","leptocarpa","(Hook. & Arn.) A.DC.","APOCYNACEAE Forsteronia leptocarpa (Hook. & Arn.) A.DC.","RFFP36444",,"RFFP","Damasceno, D.B.M.","1197","Native","2025","Machado, D.N.S.","2025","Prata","Ouro",,"Cachoeiras de Macacu","Gaviões, Monumento Natural Municipal da Serra do Soarinho, Núcleo Patis, margem do Rio São João, 22º35´´10""S - 42º34´´10""W, 77 msm."
"MONUMENTO NATURAL MUNICIPAL DA SERRA DO SOARINHO","Angiosperms","Apocynaceae","Himatanthus","bracteatus","(A. DC.) Woodson","APOCYNACEAE Himatanthus bracteatus (A. DC.) Woodson","RFFP36447",,"RFFP","Damasceno, D.B.M.","1296","Native","2025","Machado, D.N.S.","2025","Prata","Ouro",,"Cachoeiras de Macacu","Pedra Branca, Monumento Natural Municipal da Serra do Soarinho, Núcleo Granada, remanescente ao lado da Empresa Fonte Papucaia Água Mineral, 22º37´´34""S - 42º43´´25""W, 62 msm."
"MONUMENTO NATURAL MUNICIPAL DA SERRA DO SOARINHO","Angiosperms","Apocynaceae","Temnadenia","odorifera","(Vell.) J.F.Morales","APOCYNACEAE Temnadenia odorifera (Vell.) J.F.Morales","RFFP36247",,"RFFP","Damasceno, D.B.M.","1188","Native","2025","Machado, D.N.S.","2025","Prata","Ouro",,"Cachoeiras de Macacu","Soarinho, Monumento Natural Municipal da Serra do Soarinho, Núcleo Soarinho, Vale do Rio Soarinho, parte inicial da trilha, após saída da Estrada do Soarinho, 22º36´´43""S - 42º42´´57""W, 123 msm."
"MONUMENTO NATURAL MUNICIPAL DA SERRA DO SOARINHO","Angiosperms","Aristolochiaceae","Aristolochia","cymbifera","Mart. & Zucc.","ARISTOLOCHIACEAE Aristolochia cymbifera Mart. & Zucc.","RFFP36435",,"RFFP","Damasceno, D.B.M.","1198","Native","2025","Machado, D.N.S.","2025","Prata","Ouro",,"Cachoeiras de Macacu","Gaviões, Monumento Natural Municipal da Serra do Soarinho, Núcleo Patis, margem do Rio São João, 22º34´´59""S - 42º34´´15""W, 54 msm."
"MONUMENTO NATURAL MUNICIPAL DA SERRA DO SOARINHO","Angiosperms","Asteraceae","Baccharis","trinervis","Pers.","ASTERACEAE Baccharis trinervis Pers.","RFFP36413",,"RFFP","Damasceno, D.B.M.","1284","Native","2025","Machado, D.N.S.","2025","Prata","Ouro",,"Cachoeiras de Macacu","Cavada, Monumento Natural Municipal da Serra do Soarinho, Núcleo Cavada, trilha para o Rancho Alto, 22º35´´10´´´´S - 42º40´´13´´´´W, 439 msm."
"MONUMENTO NATURAL MUNICIPAL DA SERRA DO SOARINHO","Angiosperms","Asteraceae","Dasycondylus","resinosus","(Spreng.) R.M.King & H.Rob.","ASTERACEAE Dasycondylus resinosus (Spreng.) R.M.King & H.Rob.","RFFP37055",,"RFFP","Damasceno, D.B.M.","1538","Native","2025","Machado, D.N.S.","2025","Prata","Ouro",,"Cachoeiras de Macacu","Soarinho, Monumento Natural Municipal da Serra do Soarinho, Núcleo Bertholdo, próximo a Cachoeira do Jordão, 22º34’05""S - 42º39’08""W, 106 msm."
"MONUMENTO NATURAL MUNICIPAL DA SERRA DO SOARINHO","Angiosperms","Asteraceae","Fleischmannia","remotifolia","(DC.) R.M.King & H.Rob.","ASTERACEAE Fleischmannia remotifolia (DC.) R.M.King & H.Rob.","RFFP37056",,"RFFP","Damasceno, D.B.M.","1539","Native","2025","Machado, D.N.S.","2025","Prata","Ouro",,"Cachoeiras de Macacu","Soarinho, Monumento Natural Municipal da Serra do Soarinho, Núcleo Bertholdo, estrada que liga a RJ 126 ao Soarinho, 22º35’03""S - 42º38’24""W, 298 msm."
"MONUMENTO NATURAL MUNICIPAL DA SERRA DO SOARINHO","Angiosperms","Asteraceae","Lepidaploa","salzmannii","(DC.) H.Rob.","ASTERACEAE Lepidaploa salzmannii (DC.) H.Rob.","RFFP36417",,"RFFP","Damasceno, D.B.M.","1199","Native","2025","Machado, D.N.S.","2025","Prata","Ouro",,"Cachoeiras de Macacu","Gaviões, Monumento Natural Municipal da Serra do Soarinho, Núcleo Patis, margem do Rio São João, 22º34´´59""S - 42º34´´15""W, 54 msm."
"MONUMENTO NATURAL MUNICIPAL DA SERRA DO SOARINHO","Angiosperms","Asteraceae","Mikania","conferta","Gardner","ASTERACEAE Mikania conferta Gardner","RFFP37067",,"RFFP","Damasceno, D.B.M.","1564","Native","2025","Machado, D.N.S.","2025","Prata","Ouro",,"Cachoeiras de Macacu","Soarinho, Monumento Natural Municipal da Serra do Soarinho, Núcleo Cavada, acesso pelo Parque Terra Santa, trilha para a parte alta, 22º35’56”S - 42º40’39”W, 598 msm."
"MONUMENTO NATURAL MUNICIPAL DA SERRA DO SOARINHO","Angiosperms","Asteraceae","Piptocarpha","macropoda","(DC.) Baker","ASTERACEAE Piptocarpha macropoda (DC.) Baker","RFFP37075",,"RFFP","Damasceno, D.B.M.","1590","Native","2025","Machado, D.N.S.","2025","Prata","Ouro",,"Cachoeiras de Macacu","Soarinho, Monumento Natural Municipal da Serra do Soarinho, Núcleo Soarinho, Estrada do Soarinho, próximo à bifurcação, 22º35´37""S - 42º39´08""W, 219 msm."
"MONUMENTO NATURAL MUNICIPAL DA SERRA DO SOARINHO","Angiosperms","Asteraceae","Piptocarpha","notata","(Less.) Baker","ASTERACEAE Piptocarpha notata (Less.) Baker","RFFP36423",,"RFFP","Damasceno, D.B.M.","1200","Native","2025","Machado, D.N.S.","2025","Prata","Ouro",,"Cachoeiras de Macacu","Gaviões, Monumento Natural Municipal da Serra do Soarinho, Núcleo Patis, margem do Rio São João, 22º35´´10""S - 42º34´´10""W, 77 msm."
"MONUMENTO NATURAL MUNICIPAL DA SERRA DO SOARINHO","Angiosperms","Asteraceae","Pterocaulon","alopecuroides","(Lam.) DC.","ASTERACEAE Pterocaulon alopecuroides (Lam.) DC.","RFFP36425",,"RFFP","Damasceno, D.B.M.","1301","Native","2025","Machado, D.N.S.","2025","Prata","Ouro",,"Cachoeiras de Macacu","Bertholdo, Monumento Natural Municipal da Serra do Soarinho, Nécleo Bertholdo, RJ 126, próximo a Capela Santa Rita, a Escola Municipal Bertholdo Duarte e a cachoeira, 22º33´´55""S - 42º39´´48""W, 42 msm."
"MONUMENTO NATURAL MUNICIPAL DA SERRA DO SOARINHO","Angiosperms","Begoniaceae","Begonia","hirtella","Link","BEGONIACEAE Begonia hirtella Link","RFFP37076",,"RFFP","Damasceno, D.B.M.","1591","Native","2025","Machado, D.N.S.","2025","Prata","Ouro",,"Cachoeiras de Macacu","Soarinho, Monumento Natural Municipal da Serra do Soarinho, Núcleo Soarinho, Estrada do Soarinho, área após a Igreja Evangélica, na curva da Myrtaceae, cachoeira da prainha, 22º36’15""S - 42º39’35""W, 219 msm."
"MONUMENTO NATURAL MUNICIPAL DA SERRA DO SOARINHO","Angiosperms","Bignoniaceae","Handroanthus","heptaphyllus","(Vell.) Mattos","BIGNONIACEAE Handroanthus heptaphyllus (Vell.) Mattos","RFFP37068",,"RFFP","Damasceno, D.B.M.","1565","Native","2025","Machado, D.N.S.","2025","Prata","Ouro",,"Cachoeiras de Macacu","Soarinho, Monumento Natural Municipal da Serra do Soarinho, Núcleo Soarinho, Estrada do Soarinho, início do caminho para o Vale, 22º36’52”S - 42°43’17”W, 26 msm."
"MONUMENTO NATURAL MUNICIPAL DA SERRA DO SOARINHO","Angiosperms","Cannabaceae","Celtis","spinosissima","(Weed.) Miq.","CANNABACEAE Celtis spinosissima (Weed.) Miq.","RFFP36465",,"RFFP","Damasceno, D.B.M.","1206","Native","2025","Machado, D.N.S.","2025","Prata","Ouro",,"Cachoeiras de Macacu","Brasil, Estado do Rio de Janeiro, Divisa dos Municípios de Cachoeiras de Macacu e Silva Jardim, Gaviões, Monumento Natural Municipal da Serra do Soarinho, Núcleo Patis, margem do Rio São João, 22º34´´59""S - 42º34´´15""W, 54 msm."
"MONUMENTO NATURAL MUNICIPAL DA SERRA DO SOARINHO","Angiosperms","Cannabaceae","Trema","micranthum","(L.) Blume","CANNABACEAE Trema micranthum (L.) Blume","RFFP37078",,"RFFP","Damasceno, D.B.M.","1593","Native","2025","Machado, D.N.S.","2025","Prata","Ouro",,"Cachoeiras de Macacu","Soarinho, Monumento Natural Municipal da Serra do Soarinho, Núcleo Soarinho, Vale do Rio Soarinho, acesso pela escolinha e a igreja, 22º36”33”S - 42º42’28”W, 254 msm."
"MONUMENTO NATURAL MUNICIPAL DA SERRA DO SOARINHO","Angiosperms","Cleomaceae","Tarenaya","rosea","(Vahl ex DC.) Soares Neto & Roalson","CLEOMACEAE Tarenaya rosea (Vahl ex DC.) Soares Neto & Roalson","RFFP36287",,"RFFP","Damasceno, D.B.M.","1187","Native","2025","Machado, D.N.S.","2025","Prata","Ouro",,"Cachoeiras de Macacu","Brasil, Estado do Rio de Janeiro, Município de Cachoeiras de Macacu, Soarinho, Monumento Natural Municipal da Serra do Soarinho, Núcleo Soarinho, paredão rochoso antes da Janela do Céu, 22º37´´03""S - 42º41´´08""W, 195 msm."
"MONUMENTO NATURAL MUNICIPAL DA SERRA DO SOARINHO","Angiosperms","Clusiaceae","Tovomitopsis","paniculata","(Spreng.) Planch. & Triana","CLUSIACEAE Tovomitopsis paniculata (Spreng.) Planch. & Triana","RFFP37069",,"RFFP","Damasceno, D.B.M.","1566","Native","2025","Machado, D.N.S.","2025","Prata","Ouro",,"Cachoeiras de Macacu","Soarinho, Monumento Natural Municipal da Serra do Soarinho, Núcleo Soarinho, Vale do Rio Soarinho, acesso pela escolinha e a igreja, 22º36”33”S - 42º42’28”W, 254 msm."
"MONUMENTO NATURAL MUNICIPAL DA SERRA DO SOARINHO","Angiosperms","Convolvulaceae","Ipomoea","nil","(L.) Roth","CONVOLVULACEAE Ipomoea nil (L.) Roth","RFFP36486",,"RFFP","Damasceno, D.B.M.","1286","Native","2025","Machado, D.N.S.","2025","Prata","Ouro",,"Cachoeiras de Macacu","Brasil, Estado do Rio de Janeiro, Município de Cachoeiras de Macacu, Cavada, Monumento Natural Municipal da Serra do Soarinho, Núcleo Cavada, trilha para o Rancho Alto, 22º35´´10""S, 42º40´´13""W, 439 msm."
"MONUMENTO NATURAL MUNICIPAL DA SERRA DO SOARINHO","Angiosperms","Convolvulaceae","Ipomoea","philomega","(Vell.) House","CONVOLVULACEAE Ipomoea philomega (Vell.) House","RFFP36467",,"RFFP","Damasceno, D.B.M.","1208","Native","2025","Machado, D.N.S.","2025","Prata","Ouro",,"Cachoeiras de Macacu","Brasil, Estado do Rio de Janeiro, Divisa dos Municípios de Cachoeiras de Macacu e Silva Jardim, Gaviões, Monumento Natural Municipal da Serra do Soarinho, Núcleo Patis, margem do Rio São João, 22º34´´59""S - 42º34´´15""W, 54 msm."
"MONUMENTO NATURAL MUNICIPAL DA SERRA DO SOARINHO","Angiosperms","Convolvulaceae","Jacquemontia","holosericea","(Weinm.) O'Donell","CONVOLVULACEAE Jacquemontia holosericea (Weinm.) O'Donell","RFFP36468",,"RFFP","Damasceno, D.B.M.","1209","Native","2025","Machado, D.N.S.","2025","Prata","Ouro",,"Cachoeiras de Macacu","Brasil, Estado do Rio de Janeiro, Divisa dos Municípios de Cachoeiras de Macacu e Silva Jardim, Gaviões, Monumento Natural Municipal da Serra do Soarinho, Núcleo Patis, margem do Rio São João, 22º34´´59""S - 42º34´´15""W, 54 msm"
"MONUMENTO NATURAL MUNICIPAL DA SERRA DO SOARINHO","Angiosperms","Cordiaceae","Cordia","trichoclada","DC.","CORDIACEAE Cordia trichoclada DC.","RFFP37080",,"RFFP","Damasceno, D.B.M.","1604","Native","2025","Machado, D.N.S.","2025","Prata","Ouro",,"Cachoeiras de Macacu","Derribada, Monumento Natural Municipal da Serra do Soarinho, Núcleo Granada, estrada para Rio Bonito, na vertente acima do Bar do Astério, 22º39´53""S - 42º42´22""W, 188 msm."
"MONUMENTO NATURAL MUNICIPAL DA SERRA DO SOARINHO","Angiosperms","Cordiaceae","Varronia","polycephala","Lam.","CORDIACEAE Varronia polycephala Lam.","RFFP36469",,"RFFP","Damasceno, D.B.M.","1210","Native","2025","Machado, D.N.S.","2025","Prata","Ouro",,"Cachoeiras de Macacu","Brasil, Estado do Rio de Janeiro, Divisa dos Municípios de Cachoeiras de Macacu e Silva Jardim, Gaviões, Monumento Natural Municipal da Serra do Soarinho, Núcleo Patis, margem do Rio São João, 22º34´´59""S - 42º34´´15""W, 54 msm."
"MONUMENTO NATURAL MUNICIPAL DA SERRA DO SOARINHO","Angiosperms","Cucurbitaceae","Citrullus","lanatus","(Thunb.) Matsum. & Nakai","CUCURBITACEAE Citrullus lanatus (Thunb.) Matsum. & Nakai","RFFP36284",,"RFFP","Damasceno, D.B.M.","1184","Native","2025","Machado, D.N.S.","2025","Prata","Ouro",,"Cachoeiras de Macacu","Brasil, Estado do Rio de Janeiro, Município de Cachoeiras de Macacu, Soarinho, Monumento Natural Municipal da Serra do Soarinho, Núcleo Soarinho, início da Estrada do Soarinho, 22º36´´18""S - 42º44´´07""W, 12 msm."
"MONUMENTO NATURAL MUNICIPAL DA SERRA DO SOARINHO","Angiosperms","Euphorbiaceae","Mabea","fistulifera","Mart.","EUPHORBIACEAE Mabea fistulifera Mart.","RFFP37256",,"RFFP","Damasceno, D.B.M.","1595","Native","2025","Machado, D.N.S.","2025","Prata","Ouro",,"Cachoeiras de Macacu","Soarinho, Monumento Natural Municipal da Serra do Soarinho, Núcleo Soarinho, Vale do Rio Soarinho, acesso pela escolinha e a igreja, 22º36”33”S - 42º42’28”W, 254 msm. Monumento Natural da Serra do Soarinho"
"MONUMENTO NATURAL MUNICIPAL DA SERRA DO SOARINHO","Angiosperms","Euphorbiaceae","Senefeldera","verticillata","(Vell.) Croizat","EUPHORBIACEAE Senefeldera verticillata (Vell.) Croizat","RFFP37238",,"RFFP","Damasceno, D.B.M.","1567","Native","2025","Machado, D.N.S.","2025","Prata","Ouro",,"Cachoeiras de Macacu","Soarinho, Monumento Natural Municipal da Serra do Soarinho, Núcleo Soarinho, Vale do Rio Soarinho, acesso pela escolinha e a igreja, 22º36”33”S - 42º42’28”W, 254 msm."
"MONUMENTO NATURAL MUNICIPAL DA SERRA DO SOARINHO","Angiosperms","Fabaceae","Cassia","ferruginea","(Schrad.) Schrad. ex DC.","FABACEAE Cassia ferruginea (Schrad.) Schrad. ex DC.","RFFP37259",,"RFFP","Damasceno, D.B.M.","1598","Native","2025","Machado, D.N.S.","2025","Prata","Ouro",,"Cachoeiras de Macacu","Soarinho, Monumento Natural Municipal da Serra do Soarinho, Núcleo Soarinho, Estrada do Soarinho, área após a Igreja Evangélica, na curva da Myrtaceae, cachoeira da prainha, 22º36’15""S - 42º39’35""W, 219 msm."
"MONUMENTO NATURAL MUNICIPAL DA SERRA DO SOARINHO","Angiosperms","Fabaceae","Centrolobium","tomentosum","Guillem. ex Benth.","FABACEAE Centrolobium tomentosum Guillem. ex Benth.","RFFP37260",,"RFFP","Damasceno, D.B.M.","1599","Native","2025","Machado, D.N.S.","2025","Prata","Ouro",,"Cachoeiras de Macacu","Soarinho, Monumento Natural Municipal da Serra do Soarinho, Núcleo Soarinho, Vale do Rio Soarinho, acesso pela escolinha e a igreja, 22º36”33”S - 42º42’28”W, 254 msm."
"MONUMENTO NATURAL MUNICIPAL DA SERRA DO SOARINHO","Angiosperms","Fabaceae","Crotalaria","incana","L.","FABACEAE Crotalaria incana L.","RFFP36600",,"RFFP","Damasceno, D.B.M.","1303","Cultivated","2025","Machado, D.N.S.","2025","Prata","Ouro",,"Cachoeiras de Macacu","Soarinho, Monumento Natural Municipal da Serra do Soarinho, Núcleo Soarinho, Vale do Rio Soarinho, acesso pela escolinha e a igreja, 22º36´´46""S - 42º42´´50""W, 191 msm."
"MONUMENTO NATURAL MUNICIPAL DA SERRA DO SOARINHO","Angiosperms","Fabaceae","Ctenodon","brasilianus","(Poir.) D.B.O.S.Cardoso, P.L.R.Moraes & H.C.Lima","FABACEAE Ctenodon brasilianus (Poir.) D.B.O.S.Cardoso, P.L.R.Moraes & H.C.Lima","RFFP37224",,"RFFP","Damasceno, D.B.M.","1545","Native","2025","Machado, D.N.S.","2025","Prata","Ouro",,"Cachoeiras de Macacu","Soarinho, Monumento Natural Municipal da Serra do Soarinho, Núcleo Bertholdo, RJ 126, próximo ao primeiro grande pasto do gado, 22º33’50""S - 42º40’06""W, 37 msm."
"MONUMENTO NATURAL MUNICIPAL DA SERRA DO SOARINHO","Angiosperms","Fabaceae","Dalbergia","frutescens","(Vell.) Britton","FABACEAE Dalbergia frutescens (Vell.) Britton","RFFP36510",,"RFFP","Damasceno, D.B.M.","1214","Native","2025","Machado, D.N.S.","2025","Prata","Ouro",,"Cachoeiras de Macacu","Brasil, Estado do Rio de Janeiro, Divisa dos Municípios de Cachoeiras de Macacu e Silva Jardim, Gaviões, Monumento Natural Municipal da Serra do Soarinho, Núcleo Patis, margem do Rio São João, 22º35´´10""S - 42º34´´10""W, 77 msm."
"MONUMENTO NATURAL MUNICIPAL DA SERRA DO SOARINHO","Angiosperms","Fabaceae","Dalbergia","nigra","(Vell.) Allemão ex Benth.","FABACEAE Dalbergia nigra (Vell.) Allemão ex Benth.","RFFP37261",,"RFFP","Damasceno, D.B.M.","1600","Native","2025","Machado, D.N.S.","2025","Prata","Ouro",,"Cachoeiras de Macacu","Soarinho, Monumento Natural Municipal da Serra do Soarinho, Núcleo Soarinho, Vale do Rio Soarinho, acesso pela escolinha e a igreja, 22º36”33”S - 42º42’28”W, 254 msm."
"MONUMENTO NATURAL MUNICIPAL DA SERRA DO SOARINHO","Angiosperms","Fabaceae","Galactia","striata","(Jacq.) Urb.","FABACEAE Galactia striata (Jacq.) Urb.","RFFP36601",,"RFFP","Damasceno, D.B.M.","1304","Native","2025","Machado, D.N.S.","2025","Prata","Ouro",,"Cachoeiras de Macacu","Soarinho, Monumento Natural Municipal da Serra do Soarinho, Núcleo Soarinho, Vale do Rio Soarinho, acesso pela escolinha e a igreja, 22º36´´46""S - 42º42´´50""W, 191 msm."
"MONUMENTO NATURAL MUNICIPAL DA SERRA DO SOARINHO","Angiosperms","Fabaceae","Lonchocarpus","cultratus","(Vell.) A.M.G.Azevedo & H.C.Lima","FABACEAE Lonchocarpus cultratus (Vell.) A.M.G.Azevedo & H.C.Lima","RFFP36591",,"RFFP","Damasceno, D.B.M.","1288","Native","2025","Machado, D.N.S.","2025","Prata","Ouro",,"Cachoeiras de Macacu","Monumento Natural Municipal da Serra do Soarinho, Núcleo Cavada, trilha para o Rancho Alto, 22º35´´10""S, 42º40´´13""W, 439 msm."
"MONUMENTO NATURAL MUNICIPAL DA SERRA DO SOARINHO","Angiosperms","Fabaceae","Machaerium","declinatum","(Vell.) Stellfeld","FABACEAE Machaerium declinatum (Vell.) Stellfeld","RFFP36592",,"RFFP","Damasceno, D.B.M.","1289","Native","2025","Machado, D.N.S.","2025","Prata","Ouro",,"Cachoeiras de Macacu","Cavada, Monumento Natural Municipal da Serra do Soarinho, Núcleo Cavada, trilha para o Rancho Alto, 22º35´´10""S, 42º40´´13""W, 439 msm."
"MONUMENTO NATURAL MUNICIPAL DA SERRA DO SOARINHO","Angiosperms","Fabaceae","Machaerium","hirtum","(Vell.) Stellfeld","FABACEAE Machaerium hirtum (Vell.) Stellfeld","RFFP37262",,"RFFP","Damasceno, D.B.M.","1601","Native","2025","Machado, D.N.S.","2025","Prata","Ouro",,"Cachoeiras de Macacu","Cavada, Monumento Natural Municipal da Serra do Soarinho, Núcleo Cavada, trilha para o Rancho Alto, 22º35´10""S, 42º40´13""W, 439 msm."
"MONUMENTO NATURAL MUNICIPAL DA SERRA DO SOARINHO",,"Fabaceae","Machaerium","oblongifolium","Vogel","FABACEAE Machaerium oblongifolium Vogel","RFFP37263",,"RFFP","Damasceno, D.B.M.","1602",,"2025","Machado, D.N.S.","2025","Prata","Ouro",,"Cachoeiras de Macacu","Cavada, Monumento Natural Municipal da Serra do Soarinho, Núcleo Cavada, trilha para o Rancho Alto, 22º35´10""S, 42º40´13""W, 439 msm."
"MONUMENTO NATURAL MUNICIPAL DA SERRA DO SOARINHO","Angiosperms","Fabaceae","Machaerium","pedicellatum","Vogel","FABACEAE Machaerium pedicellatum Vogel","RFFP37264",,"RFFP","Damasceno, D.B.M.","1603","Native","2025","Machado, D.N.S.","2025","Prata","Ouro",,"Cachoeiras de Macacu","Soarinho, Monumento Natural Municipal da Serra do Soarinho, Núcleo Soarinho, Vale do Rio Soarinho, acesso pela escolinha e a igreja, 22º36”33”S - 42º42’28”W, 254 msm."
"MONUMENTO NATURAL MUNICIPAL DA SERRA DO SOARINHO","Angiosperms","Fabaceae","Macroptilium","lathyroides","(L.) Urb.","FABACEAE Macroptilium lathyroides (L.) Urb.","RFFP36602",,"RFFP","Damasceno, D.B.M.","1305","Native","2025","Machado, D.N.S.","2025","Prata","Ouro",,"Cachoeiras de Macacu","Soarinho, Monumento Natural Municipal da Serra do Soarinho, Núcleo Soarinho, Vale do Rio Soarinho, acesso pela escolinha e a igreja, 22º36´´46""S - 42º42´´50""W, 191 msm."
"MONUMENTO NATURAL MUNICIPAL DA SERRA DO SOARINHO","Angiosperms","Fabaceae","Marlimorimia","warmingii","(Benth.) L.P.Queiroz & P.G.Ribeiro","FABACEAE Marlimorimia warmingii (Benth.) L.P.Queiroz & P.G.Ribeiro","RFFP37234",,"RFFP","Damasceno, D.B.M.","1555","Native","2025","Machado, D.N.S.","2025","Prata","Ouro",,"Cachoeiras de Macacu","Soarinho, Monumento Natural Municipal da Serra do Soarinho, Núcleo Soarinho, Estrada do Soarinho, área após a Igreja Evangélica, na curva da Myrtaceae, cachoeira da prainha, 22º36’15""S - 42º39’35""W, 219 msm."
"MONUMENTO NATURAL MUNICIPAL DA SERRA DO SOARINHO","Angiosperms","Fabaceae","Mimosa","bimucronata","(DC.) Kuntze","FABACEAE Mimosa bimucronata (DC.) Kuntze","RFFP37241",,"RFFP","Damasceno, D.B.M.","1570","Native","2025","Machado, D.N.S.","2025","Prata","Ouro",,"Cachoeiras de Macacu","Soarinho, Monumento Natural Municipal da Serra do Soarinho, Núcleo Cavada, acesso pelo Parque Terra Santa, trilha para a parte alta, 22º35’56”S - 42º40’39”W, 598 msm."
"MONUMENTO NATURAL MUNICIPAL DA SERRA DO SOARINHO","Angiosperms","Fabaceae","Mucuna","urens","(L.) Medik.","FABACEAE Mucuna urens (L.) Medik.","RFFP36511",,"RFFP","Damasceno, D.B.M.","1215","Native","2025","Machado, D.N.S.","2025","Prata","Ouro",,"Cachoeiras de Macacu","Brasil, Estado do Rio de Janeiro, Divisa dos Municípios de Cachoeiras de Macacu e Silva Jardim, Gaviões, Monumento Natural Municipal da Serra do Soarinho, Núcleo Patis, margem do Rio São João, 22º34´´59""S - 42º34´´15""W, 54 msm."
"MONUMENTO NATURAL MUNICIPAL DA SERRA DO SOARINHO","Angiosperms","Fabaceae","Nissolia","acutifolia","(Vogel) T.M.Moura & Fort.- Perez","FABACEAE Nissolia acutifolia (Vogel) T.M.Moura & Fort.- Perez","RFFP36593",,"RFFP","Damasceno, D.B.M.","1290","Native","2025","Machado, D.N.S.","2025","Prata","Ouro",,"Cachoeiras de Macacu","Cavada, Monumento Natural Municipal da Serra do Soarinho, Núcleo Cavada, trilha para o Rancho Alto, 22º35´´10""S, 42º40´´13""W, 439 msm."
"MONUMENTO NATURAL MUNICIPAL DA SERRA DO SOARINHO","Angiosperms","Fabaceae","Piptadenia","gonoacantha","(Mart.) J.F.Macbr.","FABACEAE Piptadenia gonoacantha (Mart.) J.F.Macbr.","RFFP37242",,"RFFP","Damasceno, D.B.M.","1571","Native","2025","Machado, D.N.S.","2025","Prata","Ouro",,"Cachoeiras de Macacu","Soarinho, Monumento Natural Municipal da Serra do Soarinho, Núcleo Cavada, acesso pelo Parque Terra Santa, trilha para a parte alta, 22º35’56”S - 42º40’39”W, 598 msm."
"MONUMENTO NATURAL MUNICIPAL DA SERRA DO SOARINHO","Angiosperms","Fabaceae","Piptadenia","paniculata","Benth.","FABACEAE Piptadenia paniculata Benth.","RFFP37265",,"RFFP","Damasceno, D.B.M.","1605","Native","2025","Machado, D.N.S.","2025","Prata","Ouro",,"Cachoeiras de Macacu","Cavada, Monumento Natural Municipal da Serra do Soarinho, Núcleo Cavada, trilha para o Rancho Alto, 22º35´10""S, 42º40´13""W, 439 msm."
"MONUMENTO NATURAL MUNICIPAL DA SERRA DO SOARINHO","Angiosperms","Fabaceae","Pseudalbizzia","polycephala","(Benth.) E.J.M.Koenen & Duno","FABACEAE Pseudalbizzia polycephala (Benth.) E.J.M.Koenen & Duno","RFFP37266",,"RFFP","Damasceno, D.B.M.","1606","Native","2025","Machado, D.N.S.","2025","Prata","Ouro",,"Cachoeiras de Macacu","Soarinho, Monumento Natural Municipal da Serra do Soarinho, Núcleo Soarinho, Estrada do Soarinho, área após a Igreja Evangélica, na curva da Myrtaceae, cachoeira da prainha, 22º36’15""S - 42º39’35""W, 219 msm."
"MONUMENTO NATURAL MUNICIPAL DA SERRA DO SOARINHO","Angiosperms","Fabaceae","Schizolobium","parahyba","(Vell.) Blake","FABACEAE Schizolobium parahyba (Vell.) Blake","RFFP36597",,"RFFP","Damasceno, D.B.M.","789","Native","2025","Machado, D.N.S.","2025","Prata","Ouro",,"Cachoeiras de Macacu","Soarinho, Monumento Natural Municipal da Serra do Soarinho, Núcleo Soarinho, Cachoeira Janela do Céu, 22º36´´58""S - 42º40´´57""W, 162 msm."
"MONUMENTO NATURAL MUNICIPAL DA SERRA DO SOARINHO","Angiosperms","Fabaceae","Senegalia","tenuifolia","(L.) Britton & Rose","FABACEAE Senegalia tenuifolia (L.) Britton & Rose","RFFP36508",,"RFFP","Damasceno, D.B.M.","1212","Native","2025","Machado, D.N.S.","2025","Prata","Ouro",,"Cachoeiras de Macacu","Brasil, Estado do Rio de Janeiro, Divisa dos Municípios de Cachoeiras de Macacu e Silva Jardim, Gaviões, Monumento Natural Municipal da Serra do Soarinho, Núcleo Patis, margem do Rio São João, 22º34´´59""S - 42º34´´15""W, 54 msm."
"MONUMENTO NATURAL MUNICIPAL DA SERRA DO SOARINHO","Angiosperms","Gesneriaceae","Nematanthus","hirtellus","(Schott) Wiehler","GESNERIACEAE Nematanthus hirtellus (Schott) Wiehler","RFFP37257",,"RFFP","Damasceno, D.B.M.","1596","Native","2025","Machado, D.N.S.","2025","Prata","Ouro",,"Cachoeiras de Macacu","Soarinho, Monumento Natural Municipal da Serra do Soarinho, Núcleo Soarinho, Estrada do Soarinho, área após a Igreja Evangélica, na curva da Myrtaceae, cachoeira da prainha, 22º36’15""S - 42º39’35""W, 219 msm."
"MONUMENTO NATURAL MUNICIPAL DA SERRA DO SOARINHO","Angiosperms","Lacistemataceae","Lacistema","pubescens","Mart.","LACISTEMATACEAE Lacistema pubescens Mart.","RFFP37239",,"RFFP","Damasceno, D.B.M.","1568","Native","2025","Machado, D.N.S.","2025","Prata","Ouro",,"Cachoeiras de Macacu","Soarinho, Monumento Natural Municipal da Serra do Soarinho, Núcleo Cavada, trilha para a parte alta com acesso pelo Parque Terra Santa, 22º35’12”S - 42°41’15”W, 358 msm."
"MONUMENTO NATURAL MUNICIPAL DA SERRA DO SOARINHO","Angiosperms","Lauraceae","Ocotea","puberula","(Rich.) Nees","LAURACEAE Ocotea puberula (Rich.) Nees","RFFP37258",,"RFFP","Damasceno, D.B.M.","1597","Native","2025","Machado, D.N.S.","2025","Prata","Ouro",,"Cachoeiras de Macacu","Soarinho, Monumento Natural Municipal da Serra do Soarinho, Núcleo Soarinho, Vale do Rio Soarinho, acesso pela escolinha e a igreja, 22º36”33”S - 42º42’28”W, 254 msm."
"MONUMENTO NATURAL MUNICIPAL DA SERRA DO SOARINHO","Angiosperms","Malpighiaceae","Heteropterys","nitida","(Lam.) DC.","MALPIGHIACEAE Heteropterys nitida (Lam.) DC.","RFFP36513",,"RFFP","Damasceno, D.B.M.","1217","Native","2025","Machado, D.N.S.","2025","Prata","Ouro",,"Cachoeiras de Macacu","Brasil, Estado do Rio de Janeiro, Divisa dos Municípios de Cachoeiras de Macacu e Silva Jardim, Gaviões, Monumento Natural Municipal da Serra do Soarinho, Núcleo Patis, margem do Rio São João, 22º35´´10""S - 42º34´´10""W, 77 msm."
"MONUMENTO NATURAL MUNICIPAL DA SERRA DO SOARINHO","Angiosperms","Malpighiaceae","Stigmaphyllon","lalandianum","A.Juss.","MALPIGHIACEAE Stigmaphyllon lalandianum A.Juss.","RFFP36594",,"RFFP","Damasceno, D.B.M.","1291","Native","2025","Machado, D.N.S.","2025","Prata","Ouro",,"Cachoeiras de Macacu","Cavada, Monumento Natural Municipal da Serra do Soarinho, Núcleo Cavada, trilha para o Rancho Alto, 22º35´´10""S, 42º40´´13""W, 439 msm."
"MONUMENTO NATURAL MUNICIPAL DA SERRA DO SOARINHO","Angiosperms","Malvaceae","Ceiba","erianthos","(Cav.) K.Schum.","MALVACEAE Ceiba erianthos (Cav.) K.Schum.","RFFP37267",,"RFFP","Damasceno, D.B.M.","1607","Native","2025","Machado, D.N.S.","2025","Prata","Ouro",,"Cachoeiras de Macacu","Cavada, Monumento Natural Municipal da Serra do Soarinho, Núcleo Cavada, trilha para o Rancho Alto, 22º35´10""S, 42º40´13""W, 439 msm."
"MONUMENTO NATURAL MUNICIPAL DA SERRA DO SOARINHO","Angiosperms","Malvaceae","Sida","linifolia","Cav.","MALVACEAE Sida linifolia Cav.","RFFP36603",,"RFFP","Damasceno, D.B.M.","1306","Native","2025","Machado, D.N.S.","2025","Prata","Ouro",,"Cachoeiras de Macacu","Soarinho, Monumento Natural Municipal da Serra do Soarinho, Núcleo Soarinho, Vale do Rio Soarinho, acesso pela escolinha e a igreja, 22º36´´46""S - 42º42´´50""W, 191 msm."
"MONUMENTO NATURAL MUNICIPAL DA SERRA DO SOARINHO","Angiosperms","Melastomataceae","Pleroma","estrellense","(Raddi) P.J.F.Guim. & Michelang.","MELASTOMATACEAE Pleroma estrellense (Raddi) P.J.F.Guim. & Michelang.","RFFP37244",,"RFFP","Damasceno, D.B.M.","1573","Native","2025","Machado, D.N.S.","2025","Prata","Ouro",,"Cachoeiras de Macacu","Soarinho, Monumento Natural Municipal da Serra do Soarinho, Núcleo Soarinho, Vale do Rio Soarinho, acesso pela escolinha e a igreja, 22º36”33”S - 42º42’28”W, 254 msm."
"MONUMENTO NATURAL MUNICIPAL DA SERRA DO SOARINHO","Angiosperms","Monimiaceae","Mollinedia","glabra","(Spreng.) Perkins","MONIMIACEAE Mollinedia glabra (Spreng.) Perkins","RFFP37245",,"RFFP","Damasceno, D.B.M.","1574","Native","2025","Machado, D.N.S.","2025","Prata","Ouro",,"Cachoeiras de Macacu","Soarinho, Monumento Natural Municipal da Serra do Soarinho, Núcleo Cavada, trilha para a parte alta com acesso pelo Parque Terra Santa, 22º35’12”S - 42°41’15”W, 358 msm."
"MONUMENTO NATURAL MUNICIPAL DA SERRA DO SOARINHO","Angiosperms","Monimiaceae","Mollinedia","schottiana","(Spreng.) Perkins","MONIMIACEAE Mollinedia schottiana (Spreng.) Perkins","RFFP37270",,"RFFP","Damasceno, D.B.M.","1610","Native","2025","Machado, D.N.S.","2025","Prata","Ouro",,"Cachoeiras de Macacu","Soarinho, Monumento Natural Municipal da Serra do Soarinho, Núcleo Soarinho, Estrada do Soarinho, área após a Igreja Evangélica, na curva da Myrtaceae, cachoeira da prainha, 22º36’15""S - 42º39’35""W, 219 msm."
"MONUMENTO NATURAL MUNICIPAL DA SERRA DO SOARINHO","Angiosperms","Moraceae","Ficus","adhatodifolia","Schott in Spreng.","MORACEAE Ficus adhatodifolia Schott in Spreng.","RFFP37271",,"RFFP","Damasceno, D.B.M.","1611","Native","2025","Machado, D.N.S.","2025","Prata","Ouro",,"Cachoeiras de Macacu","Soarinho, Monumento Natural Municipal da Serra do Soarinho, Núcleo Soarinho, Vale do Rio Soarinho, acesso pela escolinha e a igreja, 22º36”33”S - 42º42’28”W, 254 msm."
"MONUMENTO NATURAL MUNICIPAL DA SERRA DO SOARINHO","Angiosperms","Piperaceae","Peperomia","nitida","Dahlst.","PIPERACEAE Peperomia nitida Dahlst.","RFFP37273",,"RFFP","Damasceno, D.B.M.","1613","Native","2025","Machado, D.N.S.","2025","Prata","Ouro",,"Cachoeiras de Macacu","Soarinho, Monumento Natural Municipal da Serra do Soarinho, Núcleo Soarinho, Estrada do Soarinho, área após a Igreja Evangélica, na curva da Myrtaceae, cachoeira da prainha, 22º36’15""S - 42º39’35""W, 219 msm."
"MONUMENTO NATURAL MUNICIPAL DA SERRA DO SOARINHO","Angiosperms","Piperaceae","Piper","umbellatum","L.","PIPERACEAE Piper umbellatum L.","RFFP37274",,"RFFP","Damasceno, D.B.M.","1614","Native","2025","Machado, D.N.S.","2025","Prata","Ouro",,"Cachoeiras de Macacu","Cavada, Monumento Natural Municipal da Serra do Soarinho, Núcleo Cavada, trilha para o Rancho Alto, 22º35´10""S, 42º40´13""W, 439 msm."
"MONUMENTO NATURAL MUNICIPAL DA SERRA DO SOARINHO","Angiosperms","Rubiaceae","Bathysa","australis","(A.St.-Hil.) K.Schum.","RUBIACEAE Bathysa australis (A.St.-Hil.) K.Schum.","RFFP36288",,"RFFP","Damasceno, D.B.M.","1189","Native","2025","Machado, D.N.S.","2025","Prata","Ouro",,"Cachoeiras de Macacu","Brasil, Estado do Rio de Janeiro, Município de Cachoeiras de Macacu, Soarinho, Monumento Natural Municipal da Serra do Soarinho, Núcleo Soarinho, parte alta, 22º35´´36""S - 42º41´´08""W, 559 msm."
"MONUMENTO NATURAL MUNICIPAL DA SERRA DO SOARINHO","Angiosperms","Salicaceae","Casearia","arborea","(Rich.) Urb.","SALICACEAE Casearia arborea (Rich.) Urb.","RFFP37250",,"RFFP","Damasceno, D.B.M.","1579","Native","2025","Machado, D.N.S.","2025","Prata","Ouro",,"Cachoeiras de Macacu","Soarinho, Monumento Natural Municipal da Serra do Soarinho, Núcleo Soarinho, Vale do Rio Soarinho, acesso pela escolinha e a igreja, 22º36”33”S - 42º42’28”W, 254 msm."
"MONUMENTO NATURAL MUNICIPAL DA SERRA DO SOARINHO","Angiosperms","Sapindaceae","Cupania","oblongifolia","Mart.","SAPINDACEAE Cupania oblongifolia Mart.","RFFP36604",,"RFFP","Damasceno, D.B.M.","1307","Native","2025","Machado, D.N.S.","2025","Prata","Ouro",,"Cachoeiras de Macacu","Soarinho, Monumento Natural Municipal da Serra do Soarinho, Núcleo Soarinho, Vale do Rio Soarinho, acesso pela escolinha e a igreja, 22º36´´46""S - 42º42´´50""W, 191 msm."
"MONUMENTO NATURAL MUNICIPAL DA SERRA DO SOARINHO","Angiosperms","Sapindaceae","Cupania","racemosa","(Vell.) Radlk.","SAPINDACEAE Cupania racemosa (Vell.) Radlk.","RFFP37231",,"RFFP","Damasceno, D.B.M.","1552","Native","2025","Machado, D.N.S.","2025","Prata","Ouro",,"Cachoeiras de Macacu","Soarinho, Monumento Natural Municipal da Serra do Soarinho, Núcleo Bertholdo, estrada que liga a RJ 126 ao Soarinho, 22º34’29""S - 42º38’19""W, 340 msm."
"MONUMENTO NATURAL MUNICIPAL DA SERRA DO SOARINHO","Angiosperms","Sapindaceae","Paullinia","micrantha","Cambess.","SAPINDACEAE Paullinia micrantha Cambess.","RFFP36520",,"RFFP","Damasceno, D.B.M.","1224","Native","2025","Machado, D.N.S.","2025","Prata","Ouro",,"Cachoeiras de Macacu","Brasil, Estado do Rio de Janeiro, Divisa dos Municípios de Cachoeiras de Macacu e Silva Jardim, Gaviões, Monumento Natural Municipal da Serra do Soarinho, Núcleo Patis, margem do Rio São João, 22º35´´10""S - 42º34´´10""W, 77 msm."
"MONUMENTO NATURAL MUNICIPAL DA SERRA DO SOARINHO","Angiosperms","Sapindaceae","Paullinia","trigonia","Vell.","SAPINDACEAE Paullinia trigonia Vell.","RFFP36519",,"RFFP","Damasceno, D.B.M.","1223","Native","2025","Machado, D.N.S.","2025","Prata","Ouro",,"Cachoeiras de Macacu","Brasil, Estado do Rio de Janeiro, Divisa dos Municípios de Cachoeiras de Macacu e Silva Jardim, Gaviões, Monumento Natural Municipal da Serra do Soarinho, Núcleo Patis, margem do Rio São João, 22º35´´10""S - 42º34´´10""W, 77 msm."
"MONUMENTO NATURAL MUNICIPAL DA SERRA DO SOARINHO","Angiosperms","Solanaceae","Solanum","alternatopinnatum","Steud.","SOLANACEAE Solanum alternatopinnatum Steud.","RFFP36595",,"RFFP","Damasceno, D.B.M.","1292","Native","2025","Machado, D.N.S.","2025","Prata","Ouro",,"Cachoeiras de Macacu","Cavada, Monumento Natural Municipal da Serra do Soarinho, Núcleo Cavada, trilha para o Rancho Alto, 22º35´´10""S, 42º40´´13""W, 439 msm."
"MONUMENTO NATURAL MUNICIPAL DA SERRA DO SOARINHO","Angiosperms","Trigoniaceae","Trigonia","rytidocarpa","Casar.","TRIGONIACEAE Trigonia rytidocarpa Casar.","RFFP36607",,"RFFP","Damasceno, D.B.M.","1310","Native","2025","Machado, D.N.S.","2025","Prata","Ouro",,"Cachoeiras de Macacu","Soarinho, Monumento Natural Municipal da Serra do Soarinho, Núcleo Soarinho, 22º35´´31""S - 42º41´´07""W, 589 msm."
"MONUMENTO NATURAL MUNICIPAL DA SERRA DO SOARINHO","Angiosperms","Fabaceae","Ctenodon","falcatus","(Poir.) D.B.O.S.Cardoso, P.L.R.Moraes & H.C.Lima","FABACEAE Ctenodon falcatus (Poir.) D.B.O.S.Cardoso, P.L.R.Moraes & H.C.Lima","RFFP35380",,"RFFP","Damasceno, D.B.M.","843","Native","2024","Machado, D.N.S.","2025","Prata","Ouro",,"Cachoeiras de Macacu","Brasil, Estado do Rio de Janeiro, Município de Cachoeiras de Macacu, Soarinho, Monumento Natural Municipal da Serra do Soarinho, Núcleo Soarinho, parte alta, 22º35´´35""S - 42º41´´48""W, 588 msm. Monumento Natural da Serra do Soarinho"
"MONUMENTO NATURAL MUNICIPAL DA SERRA DO SOARINHO","Angiosperms","Loganiaceae","Spigelia","anthelmia","L.","LOGANIACEAE Spigelia anthelmia L.","RFFP35395",,"RFFP","Damasceno, D.B.M.","864","Native","2024","Machado, D.N.S.","2025","Prata","Ouro",,"Cachoeiras de Macacu","Brasil, Estado do Rio de Janeiro, Município de Cachoeiras de Macacu, Derribada, Monumento Natural Municipal da Serra do Soarinho, Núcleo Granada, estrada para Rio Bonito, na vertente acima do Bar do Astério, 22º39´´15""S - 42º43´´39""W, 27 msm. Monumento Natural da Serra do Soarinho"
"MONUMENTO NATURAL MUNICIPAL DA SERRA DO SOARINHO","Angiosperms","Passifloraceae","Passiflora","edulis","Sims","PASSIFLORACEAE Passiflora edulis Sims","RFFP36162",,"RFFP","Damasceno, D.B.M.","1158","Native","2024","Machado, D.N.S.","2025","Prata","Ouro",,"Cachoeiras de Macacu","Brasil, Estado do Rio de Janeiro, Município de Cachoeiras de Macacu, Patis, Monumento Natural Municipal da Serra do Soarinho, Núcleo Patis, Rodovia RJ 126, trecho entre o Posto Ypiranga e a Base Operacional da Petrobrás, 22º35´´27""S - 42º36´´11""W, 71 msm. Monumento Natural da Serra do Soarinho"
"MONUMENTO NATURAL MUNICIPAL DA SERRA DO SOARINHO","Angiosperms","Acanthaceae","Justicia","involucrata","(Nees) Leonard","ACANTHACEAE Justicia involucrata (Nees) Leonard","RFFP35279",,"RFFP","Damasceno, D.B.M.","847","Native","2024","Machado, D.N.S.","2024","Prata","Ouro",,"Cachoeiras de Macacu","Soarinho, Monumento Natural Municipal da Serra do Soarinho, Núcleo Soarinho, Cachoeira Janela do Céu, 22º37´´00""S - 42º40´´59""W, 182 msm."
"MONUMENTO NATURAL MUNICIPAL DA SERRA DO SOARINHO","Angiosperms","Amaranthaceae","Alternanthera","brasiliana","(L.) Kuntze","AMARANTHACEAE Alternanthera brasiliana (L.) Kuntze","RFFP34955",,"RFFP","Damasceno, D.B.M.","652","Native","2024","Machado, D.N.S.","2024","Prata","Ouro",,"Cachoeiras de Macacu","Soarinho, Monumento Natural Municipal da Serra do Soarinho, Núcleo Soarinho, 22º36´´16""S - 42º39´´37""W, 221 msm."
"MONUMENTO NATURAL MUNICIPAL DA SERRA DO SOARINHO","Angiosperms","Amaranthaceae","Alternanthera","dentata","(Moench) Stuchlík ex R.E.Fr.","AMARANTHACEAE Alternanthera dentata (Moench) Stuchlík ex R.E.Fr.","RFFP35202",,"RFFP","Damasceno, D.B.M.","776","Native","2024","Machado, D.N.S.","2024","Prata","Ouro",,"Cachoeiras de Macacu","Soarinho, Monumento Natural Municipal da Serra do Soarinho, Núcleo Soarinho, Vale do Rio Soarinho, acesso pela escolinha e a igreja, 22º36´´33""S - 42º42´´28""W, 254 msm."
"MONUMENTO NATURAL MUNICIPAL DA SERRA DO SOARINHO","Angiosperms","Annonaceae","Annona","parviflora","(A.St.-Hil.) H.Rainer","ANNONACEAE Annona parviflora (A.St.-Hil.) H.Rainer","RFFP36006",,"RFFP","Damasceno, D.B.M.","999","Native","2024","Machado, D.N.S.","2024","Prata","Ouro",,"Cachoeiras de Macacu","Brasil, Estado do Rio de Janeiro, Município de Cachoeiras de Macacu, Soarinho, Monumento Natural Municipal da Serra do Soarinho, Núcleo Soarinho, Cachoeira Janela do Céu, 22º37´´01""S - 42º40´´59""W, 196 msm."
"MONUMENTO NATURAL MUNICIPAL DA SERRA DO SOARINHO","Angiosperms","Apocynaceae","Aspidosperma","gomezianum","A.DC.","APOCYNACEAE Aspidosperma gomezianum A.DC.","RFFP35298",,"RFFP","Damasceno, D.B.M.","837","Native","2024","Machado, D.N.S.","2024","Prata","Ouro",,"Cachoeiras de Macacu","Soarinho, Monumento Natural Municipal da Serra do Soarinho, Núcleo Soarinho, parte alta, 22º35´´35""S - 42º41´´48""W, 588 msm."
"MONUMENTO NATURAL MUNICIPAL DA SERRA DO SOARINHO","Angiosperms","Apocynaceae","Forsteronia","refracta","Müll.Arg.","APOCYNACEAE Forsteronia refracta Müll.Arg.","RFFP36099",,"RFFP","Damasceno, D.B.M.","1096","Native","2024","Machado, D.N.S.","2024","Prata","Ouro",,"Cachoeiras de Macacu","Brasil, Estado do Rio de Janeiro, Município de Cachoeiras de Macacu, Soarinho, Monumento Natural Municipal da Serra do Soarinho, Núcleo Soarinho, Cachoeira Janela do Céu, 22º37´´01""S - 42º40´´59""W, 196 msm."
"MONUMENTO NATURAL MUNICIPAL DA SERRA DO SOARINHO","Angiosperms","Apocynaceae","Tabernaemontana","laeta","Mart.","APOCYNACEAE Tabernaemontana laeta Mart.","RFFP36039",,"RFFP","Damasceno, D.B.M.","1035","Native","2024","Machado, D.N.S.","2024","Prata","Ouro",,"Cachoeiras de Macacu","Brasil, Estado do Rio de Janeiro, Município de Cachoeiras de Macacu, Bertholdo, Monumento Natural Municipal da Serra do Soarinho, Núcleo Bertholdo, cachoeira próxima a Capela de Santa Rita de Cássia, 22º34´´01""S - 42º39´´28""W, 59 msm."
"MONUMENTO NATURAL MUNICIPAL DA SERRA DO SOARINHO","Angiosperms","Araliaceae","Didymopanax","longipetiolatus","(Pohl ex DC.) Marchal","ARALIACEAE Didymopanax longipetiolatus (Pohl ex DC.) Marchal","RFFP35175",,"RFFP","Damasceno, D.B.M.","744","Native","2024","Machado, D.N.S.","2024","Prata","Ouro",,"Cachoeiras de Macacu","Soarinho, Monumento Natural Municipal da Serra do Soarinho, Núcleo Soarinho, Vale Escondido, acesso atrás do afloramento rochoso, 22º36´´33""S - 42º42´´28""W, 254 msm."
"MONUMENTO NATURAL MUNICIPAL DA SERRA DO SOARINHO","Angiosperms","Asteraceae","Achyrocline","satureioides","(Lam.) DC.","ASTERACEAE Achyrocline satureioides (Lam.) DC.","RFFP35287",,"RFFP","Damasceno, D.B.M.","833","Naturalized","2024","Machado, D.N.S.","2024","Prata","Ouro",,"Cachoeiras de Macacu","Soarinho, Monumento Natural Municipal da Serra do Soarinho, Núcleo Soarinho, parte alta, 22º35´´35""S - 42º41´´48""W, 588 msm."
"MONUMENTO NATURAL MUNICIPAL DA SERRA DO SOARINHO","Angiosperms","Asteraceae","Albertinia","brasiliensis","Spreng.","ASTERACEAE Albertinia brasiliensis Spreng.","RFFP35273",,"RFFP","Damasceno, D.B.M.","875","Native","2024","Machado, D.N.S.","2024","Prata","Ouro",,"Cachoeiras de Macacu","Bertholdo, Monumento Natural Municipal da Serra do Soarinho, Núcleo Bertholdo, próximo a cachoeira do Jordão, 22º34´´03""S - 42º39´´09""W, 91 msm."
"MONUMENTO NATURAL MUNICIPAL DA SERRA DO SOARINHO","Angiosperms","Asteraceae","Chevreulia","acuminata","Less.","ASTERACEAE Chevreulia acuminata Less.","RFFP35031",,"RFFP","Damasceno, D.B.M.","607","Native","2024","Machado, D.N.S.","2024","Prata","Ouro",,"Cachoeiras de Macacu","Soarinho, Monumento Natural Municipal da Serra do Soarinho, Núcleo Soarinho, trilha para a parte alta, 22º35´´11""S - 42º41´´22""W, 350 msm."
"MONUMENTO NATURAL MUNICIPAL DA SERRA DO SOARINHO","Angiosperms","Asteraceae","Heterocondylus","vitalbae","(DC.) R.M.King & H.Rob.","ASTERACEAE Heterocondylus vitalbae (DC.) R.M.King & H.Rob.","RFFP35286",,"RFFP","Damasceno, D.B.M.","834","Native","2024","Machado, D.N.S.","2024","Prata","Ouro",,"Cachoeiras de Macacu","Soarinho, Monumento Natural Municipal da Serra do Soarinho, Núcleo Soarinho, subida para a parte alta, 22º35´´54""S - 42º41´´48""W, 390 msm."
"MONUMENTO NATURAL MUNICIPAL DA SERRA DO SOARINHO","Angiosperms","Asteraceae","Koanophyllon","tinctorium","Arruda ex H.Kost.","ASTERACEAE Koanophyllon tinctorium Arruda ex H.Kost.","RFFP35018",,"RFFP","Damasceno, D.B.M.","543","Native","2024","Machado, D.N.S.","2024","Prata","Ouro",,"Cachoeiras de Macacu","Soarinho, Monumento Natural Municipal da Serra do Soarinho, Núcleo Soarinho, 22º35´´28""S - 42º41´´07""W, 600 msm."
"MONUMENTO NATURAL MUNICIPAL DA SERRA DO SOARINHO","Angiosperms","Asteraceae","Lessingianthus","macrophyllus","(Less.) H.Rob.","ASTERACEAE Lessingianthus macrophyllus (Less.) H.Rob.","RFFP35242",,"RFFP","Damasceno, D.B.M.","777","Native","2024","Machado, D.N.S.","2024","Prata","Ouro",,"Cachoeiras de Macacu","Patis, Monumento Natural Municipal da Serra do Soarinho, Núcleo Patis, próximo ao Sítio dos Moreiras, 22º36´´39""S - 42º38´´16""W, 286 msm."
"MONUMENTO NATURAL MUNICIPAL DA SERRA DO SOARINHO","Angiosperms","Asteraceae","Moquiniastrum","polymorphum","(Less.) G. Sancho","ASTERACEAE Moquiniastrum polymorphum (Less.) G. Sancho","RFFP36033",,"RFFP","Damasceno, D.B.M.","1029","Native","2024","Machado, D.N.S.","2024","Prata","Ouro",,"Cachoeiras de Macacu","Brasil, Estado do Rio de Janeiro, Município de Cachoeiras de Macacu, Bertholdo, Monumento Natural Municipal da Serra do Soarinho, Núcleo Bertholdo, próximo ao Poço Véu da Amante, 22º34´´11""S - 42º38´´17""W, 206 msm."
"MONUMENTO NATURAL MUNICIPAL DA SERRA DO SOARINHO","Angiosperms","Asteraceae","Piptocarpha","leprosa","(Less.) Baker","ASTERACEAE Piptocarpha leprosa (Less.) Baker","RFFP35319",,"RFFP","Damasceno, D.B.M.","901","Native","2024","Machado, D.N.S.","2024","Prata","Ouro",,"Cachoeiras de Macacu","Bertholdo, Monumento Natural Municipal da Serra do Soarinho, Núcleo Bertholdo, 22º33´´22""S - 42º39´´50""W, 59 msm."
"MONUMENTO NATURAL MUNICIPAL DA SERRA DO SOARINHO","Angiosperms","Asteraceae","Trichogonia","salviifolia","Gardner","ASTERACEAE Trichogonia salviifolia Gardner","RFFP35171",,"RFFP","Damasceno, D.B.M.","735","Native","2024","Machado, D.N.S.","2024","Prata","Ouro",,"Cachoeiras de Macacu","Soarinho, Monumento Natural Municipal da Serra do Soarinho, Núcleo Soarinho, parte alta, 22º35´´31""S - 42º41´´07""W, 589 msm."
"MONUMENTO NATURAL MUNICIPAL DA SERRA DO SOARINHO","Angiosperms","Begoniaceae","Begonia","convolvulacea","(Klotzsch) A.DC.","BEGONIACEAE Begonia convolvulacea (Klotzsch) A.DC.","RFFP35173",,"RFFP","Damasceno, D.B.M.","741","Native","2024","Machado, D.N.S.","2024","Prata","Ouro",,"Cachoeiras de Macacu","Soarinho, Monumento Natural Municipal da Serra do Soarinho, Núcleo Soarinho, Vale do Rio Soarinho, acesso pela escolinha e a igreja, 22º36´´33""S - 42º42´´28""W, 254 msm."
"MONUMENTO NATURAL MUNICIPAL DA SERRA DO SOARINHO","Angiosperms","Bignoniaceae","Handroanthus","serratifolius","(Vahl) S.Grose","BIGNONIACEAE Handroanthus serratifolius (Vahl) S.Grose","RFFP35303",,"RFFP","Damasceno, D.B.M.","980","Native","2024","Machado, D.N.S.","2024","Prata","Ouro",,"Cachoeiras de Macacu","Bertholdo, Monumento Natural Municipal da Serra do Soarinho, Núcleo Bertholdo, 22º33´´39""S - 42º40´´34""W, 32 msm."
"MONUMENTO NATURAL MUNICIPAL DA SERRA DO SOARINHO","Angiosperms","Bignoniaceae","Mansoa","difficilis","(Cham.) Bureau & K.Schum.","BIGNONIACEAE Mansoa difficilis (Cham.) Bureau & K.Schum.","RFFP36035",,"RFFP","Damasceno, D.B.M.","1031","Native","2024","Machado, D.N.S.","2024","Prata","Ouro",,"Cachoeiras de Macacu","Brasil, Estado do Rio de Janeiro, Município de Cachoeiras de Macacu, Bertholdo, Monumento Natural Municipal da Serra do Soarinho, Núcleo Bertholdo, descida para Patis, antes da grande figueira e o mirante de Patis, 22º34´´23""S - 42º37´´32""W, 404 msm."
"MONUMENTO NATURAL MUNICIPAL DA SERRA DO SOARINHO","Angiosperms","Bignoniaceae","Tabebuia","cassinoides","(Lam.) DC.","BIGNONIACEAE Tabebuia cassinoides (Lam.) DC.","RFFP35186",,"RFFP","Damasceno, D.B.M.","760","Native","2024","Machado, D.N.S.","2024","Prata","Ouro",,"Cachoeiras de Macacu","Japuíba, Monumento Natural Municipal da Serra do Soarinho, Núcleo Bertholdo, caixetal próximo ao Rio Bengala, 22º33´´25""S - 42º40´´02""W, 39 msm."
"MONUMENTO NATURAL MUNICIPAL DA SERRA DO SOARINHO","Angiosperms","Bignoniaceae","Tanaecium","pyramidatum","(Rich.) L.G.Lohmann","BIGNONIACEAE Tanaecium pyramidatum (Rich.) L.G.Lohmann","RFFP36109",,"RFFP","Damasceno, D.B.M.","1106","Native","2024","Machado, D.N.S.","2024","Prata","Ouro",,"Cachoeiras de Macacu","Brasil, Estado do Rio de Janeiro, Município de Cachoeiras de Macacu, Bertholdo, Monumento Natural Municipal da Serra do Soarinho, Núcleo Bertholdo, próximo a Cachoeira do Jordão, 22º34´´05""S - 42º39´´08""W, 99 msm."
"MONUMENTO NATURAL MUNICIPAL DA SERRA DO SOARINHO","Angiosperms","Bignoniaceae","Tanaecium","selloi","(Spreng.) L.G.Lohmann","BIGNONIACEAE Tanaecium selloi (Spreng.) L.G.Lohmann","RFFP36110",,"RFFP","Damasceno, D.B.M.","1107","Native","2024","Machado, D.N.S.","2024","Prata","Ouro",,"Cachoeiras de Macacu","Brasil, Estado do Rio de Janeiro, Município de Cachoeiras de Macacu, Bertholdo, Monumento Natural Municipal da Serra do Soarinho, Núcleo Bertholdo, descida para Patis, antes da grande figueira e o mirante de Patis, 22º34´´23""S - 42º37´´32""W, 404 msm."
"MONUMENTO NATURAL MUNICIPAL DA SERRA DO SOARINHO","Angiosperms","Cactaceae","Pereskia","aculeata","Mill.","CACTACEAE Pereskia aculeata Mill.","RFFP35745",,"RFFP","Damasceno, D.B.M.","557","Native","2024","Machado, D.N.S.","2024","Prata","Ouro",,"Cachoeiras de Macacu","Brasil, Estado do Rio de Janeiro, Município de Cachoeiras de Macacu, Soarinho, Monumento Natural Municipal da Serra do Soarinho, Núcleo Bertholdo, margem da Rodovia RJ 126, próximo a entrada da Cachoeira do Jordão, 22º34´´06""S - 42°39´´03""W, 108 msm."
"MONUMENTO NATURAL MUNICIPAL DA SERRA DO SOARINHO","Angiosperms","Campanulaceae","Centropogon","cornutus","(L.) Druce","CAMPANULACEAE Centropogon cornutus (L.) Druce","RFFP35815",,"RFFP","Damasceno, D.B.M.","657","Native","2024","Machado, D.N.S.","2024","Prata","Ouro",,"Cachoeiras de Macacu","Brasil, Estado do Rio de Janeiro, Município de Cachoeiras de Macacu, Soarinho, Monumento Natural Municipal da Serra do Soarinho, Núcleo Soarinho, Vale do Rio Soarinho, acesso pela escolinha e a igreja, 22º36´´33""S - 42º42´´28""W, 254 msm."
"MONUMENTO NATURAL MUNICIPAL DA SERRA DO SOARINHO","Angiosperms","Capparaceae","Mesocapparis","lineata","(Dombey ex Pers.) Cornejo & Iltis","CAPPARACEAE Mesocapparis lineata (Dombey ex Pers.) Cornejo & Iltis","RFFP35737",,"RFFP","Damasceno, D.B.M.","549","Native","2024","Machado, D.N.S.","2024","Prata","Ouro",,"Cachoeiras de Macacu","Brasil, Estado do Rio de Janeiro, Município de Cachoeiras de Macacu, Soarinho, Monumento Natural Municipal da Serra do Soarinho, Núcleo Soarinho, colina a frente da entrada do Sítio Verde, 22º37´´19""S - 42º41´´38""W, 67 msm."
"MONUMENTO NATURAL MUNICIPAL DA SERRA DO SOARINHO","Angiosperms","Caricaceae","Jacaratia","spinosa","(Aubl.) A.DC.","CARICACEAE Jacaratia spinosa (Aubl.) A.DC.","RFFP36050",,"RFFP","Damasceno, D.B.M.","1047","Native","2024","Machado, D.N.S.","2024","Prata","Ouro",,"Cachoeiras de Macacu","Brasil, Estado do Rio de Janeiro, Município de Cachoeiras de Macacu, Bertholdo, Monumento Natural Municipal da Serra do Soarinho, Núcleo Bertholdo, próximo ao Poço Véu da Amante, 22º34´´11""S - 42º38´´17""W, 206 msm."
"MONUMENTO NATURAL MUNICIPAL DA SERRA DO SOARINHO","Angiosperms","Celastraceae","Tontelea","leptophylla","A.C. Sm.","CELASTRACEAE Tontelea leptophylla A.C. Sm.","RFFP35384",,"RFFP","Damasceno, D.B.M.","850","Native","2024","Machado, D.N.S.","2024","Prata","Ouro",,"Cachoeiras de Macacu","Brasil, Estado do Rio de Janeiro, Município de Cachoeiras de Macacu, Soarinho, Monumento Natural Municipal da Serra do Soarinho, Núcleo Soarinho, Cachoeira Janela do Céu, 22º37´´00""S - 42º40´´59""W, 182 msm."
"MONUMENTO NATURAL MUNICIPAL DA SERRA DO SOARINHO","Angiosperms","Convolvulaceae","Ipomoea","hederifolia","L.","CONVOLVULACEAE Ipomoea hederifolia L.","RFFP35205",,"RFFP","Damasceno, D.B.M.","781","Native","2024","Machado, D.N.S.","2024","Prata","Ouro",,"Cachoeiras de Macacu","Patis, Monumento Natural Municipal da Serra do Soarinho, Núcleo Patis, próximo ao Sítio dos Moreiras, 22º36´´39""S - 42º38´´16""W, 286 msm."
"MONUMENTO NATURAL MUNICIPAL DA SERRA DO SOARINHO","Angiosperms","Convolvulaceae","Ipomoea","triloba","L.","CONVOLVULACEAE Ipomoea triloba L.","RFFP35787",,"RFFP","Damasceno, D.B.M.","616","Native","2024","Machado, D.N.S.","2024","Prata","Ouro",,"Cachoeiras de Macacu","Brasil, Estado do Rio de Janeiro, Município de Cachoeiras de Macacu, Monumento Natural Municipal da Serra do Soarinho, Núcleo Cavada, trilha para a parte alta com acesso pelo Parque Terra Santa, 22º34´´34""S - 42°41´´32""W, 32 msm."
"MONUMENTO NATURAL MUNICIPAL DA SERRA DO SOARINHO","Angiosperms","Convolvulaceae","Jacquemontia","velutina","Choisy","CONVOLVULACEAE Jacquemontia velutina Choisy","RFFP35773",,"RFFP","Damasceno, D.B.M.","593","Native","2024","Machado, D.N.S.","2024","Prata","Ouro",,"Cachoeiras de Macacu","Brasil, Estado do Rio de Janeiro, Município de Cachoeiras de Macacu, Soarinho, Monumento Natural Municipal da Serra do Soarinho, Núcleo Patis, 22º34´´11""S - 42º33´´02""W, 41 msm."
"MONUMENTO NATURAL MUNICIPAL DA SERRA DO SOARINHO","Angiosperms","Cordiaceae","Varronia","guazumifolia","Desv.","CORDIACEAE Varronia guazumifolia Desv.","RFFP35235",,"RFFP","Damasceno, D.B.M.","811","Native","2024","Machado, D.N.S.","2024","Prata","Ouro",,"Cachoeiras de Macacu","Soarinho, Monumento Natural Municipal da Serra do Soarinho, Núcleo Bertholdo, antes da Cachoeira do Jordão, 22º34´´06""S - 42º39´´04""W, 106 msm. Monumento Natural da Serra do Soarinho"
"MONUMENTO NATURAL MUNICIPAL DA SERRA DO SOARINHO",,"Cucurbitaceae","Lagenaria","sphaerica","E.Mey.","CUCURBITACEAE Lagenaria sphaerica E.Mey.","RFFP35736",,"RFFP","Damasceno, D.B.M.","547",,"2024","Machado, D.N.S.","2024","Prata","Ouro",,"Cachoeiras de Macacu","Brasil, Estado do Rio de Janeiro, Município de Cachoeiras de Macacu, Soarinho, Monumento Natural Municipal da Serra do Soarinho, Núcleo Granada, RJ-116 (Rodovia Presidente João Goulart), km 16, 22º37´´55""S - 42º43´´24""W, 30 msm."
"MONUMENTO NATURAL MUNICIPAL DA SERRA DO SOARINHO","Angiosperms","Euphorbiaceae","Tetrorchidium","rubrivenium","Poepp.","EUPHORBIACEAE Tetrorchidium rubrivenium Poepp.","RFFP36045",,"RFFP","Damasceno, D.B.M.","1042","Native","2024","Machado, D.N.S.","2024","Prata","Ouro",,"Cachoeiras de Macacu","Brasil, Estado do Rio de Janeiro, Município de Cachoeiras de Macacu, Bertholdo, Monumento Natural Municipal da Serra do Soarinho, Núcleo Bertholdo, cachoeira próxima a Capela de Santa Rita de Cássia, 22º34´´01""S - 42º39´´28""W, 59 msm."
"MONUMENTO NATURAL MUNICIPAL DA SERRA DO SOARINHO","Angiosperms","Fabaceae","Abrus","precatorius","L.","FABACEAE Abrus precatorius L.","RFFP35735",,"RFFP","Damasceno, D.B.M.","546","Native","2024","Machado, D.N.S.","2024","Prata","Ouro",,"Cachoeiras de Macacu","Brasil, Estado do Rio de Janeiro, Município de Cachoeiras de Macacu, Soarinho, Monumento Natural Municipal da Serra do Soarinho, Núcleo Cavada, início da trilha para a parte alta com acesso pelo Parque Terra Santa, 22º34´´38""S - 42°41´´21""W, 98 msm."
"MONUMENTO NATURAL MUNICIPAL DA SERRA DO SOARINHO","Angiosperms","Fabaceae","Calopogonium","caeruleum","(Benth.) C.Wright","FABACEAE Calopogonium caeruleum (Benth.) C.Wright","RFFP35410",,"RFFP","Damasceno, D.B.M.","896","Native","2024","Machado, D.N.S.","2024","Prata","Ouro",,"Cachoeiras de Macacu","Brasil, Estado do Rio de Janeiro, Município de Cachoeiras de Macacu, Bertholdo, Monumento Natural Municipal da Serra do Soarinho, Núcleo Bertholdo, 22º34´´23""S - 42º37´´50""W, 371 msm."
"MONUMENTO NATURAL MUNICIPAL DA SERRA DO SOARINHO","Angiosperms","Fabaceae","Canavalia","parviflora","Benth.","FABACEAE Canavalia parviflora Benth.","RFFP35739",,"RFFP","Damasceno, D.B.M.","551","Native","2024","Machado, D.N.S.","2024","Prata","Ouro",,"Cachoeiras de Macacu","Brasil, Estado do Rio de Janeiro, Município de Cachoeiras de Macacu, Soarinho, Monumento Natural Municipal da Serra do Soarinho, Núcleo Granada, RJ-116 (Rodovia Presidente João Goulart), km 20, 22º36´´11""S - 42º44´´20""W, 20 msm."
"MONUMENTO NATURAL MUNICIPAL DA SERRA DO SOARINHO","Angiosperms","Fabaceae","Chamaecrista","desvauxii","(Benth.) G.P.Lewis","FABACEAE Chamaecrista desvauxii var. latistipula (Benth.) G.P.Lewis","RFFP35210",,"RFFP","Damasceno, D.B.M.","784","Native","2024","Machado, D.N.S.","2024","Prata","Ouro",,"Cachoeiras de Macacu","Patis, Monumento Natural Municipal da Serra do Soarinho, Núcleo Patis, antes da entrada do Sítio dos Moreiras, 22º36´´52""S - 42º39´´05""W, 212 msm."
"MONUMENTO NATURAL MUNICIPAL DA SERRA DO SOARINHO","Angiosperms","Fabaceae","Chamaecrista","ensiformis","(Vell.) H.S.Irwin & Barneby","FABACEAE Chamaecrista ensiformis (Vell.) H.S.Irwin & Barneby","RFFP35385",,"RFFP","Damasceno, D.B.M.","851","Native","2024","Machado, D.N.S.","2024","Prata","Ouro",,"Cachoeiras de Macacu","Brasil, Estado do Rio de Janeiro, Município de Cachoeiras de Macacu, Soarinho, Monumento Natural Municipal da Serra do Soarinho, Núcleo Soarinho, Cachoeira Janela do Céu, 22º36´´58""S - 42º40´´59""W, 138 msm."
"MONUMENTO NATURAL MUNICIPAL DA SERRA DO SOARINHO","Angiosperms","Fabaceae","Chamaecrista","flexuosa","(L.) Greene","FABACEAE Chamaecrista flexuosa (L.) Greene","RFFP35217",,"RFFP","Damasceno, D.B.M.","793","Native","2024","Machado, D.N.S.","2024","Prata","Ouro",,"Cachoeiras de Macacu","Derribada, Monumento Natural Municipal da Serra do Soarinho, Núcleo Granada, estrada para Rio Bonito, na vertente acima do Bar do Astério, 22º39´´15""S - 42º43´´39""W, 27 msm."
"MONUMENTO NATURAL MUNICIPAL DA SERRA DO SOARINHO","Angiosperms","Fabaceae","Clitoria","falcata","Lam.","FABACEAE Clitoria falcata Lam.","RFFP35734",,"RFFP","Damasceno, D.B.M.","544","Native","2024","Machado, D.N.S.","2024","Prata","Ouro",,"Cachoeiras de Macacu","Brasil, Estado do Rio de Janeiro, Município de Cachoeiras de Macacu, Soarinho, Monumento Natural Municipal da Serra do Soarinho, Núcleo Cavada, início da trilha para a parte alta com acesso pelo Parque Terra Santa, 22º34´´59""S - 42º41´´27""W, 195 msm"
"MONUMENTO NATURAL MUNICIPAL DA SERRA DO SOARINHO","Angiosperms","Fabaceae","Clitoria","laurifolia","Poir.","FABACEAE Clitoria laurifolia Poir.","RFFP35218",,"RFFP","Damasceno, D.B.M.","794","Native","2024","Machado, D.N.S.","2024","Prata","Ouro",,"Cachoeiras de Macacu","Derribada, Monumento Natural Municipal da Serra do Soarinho, Núcleo Granada, estrada para Rio Bonito, na vertente acima do Bar do Astério, 22º39´´15""S - 42º43´´39""W, 27 msm."
"MONUMENTO NATURAL MUNICIPAL DA SERRA DO SOARINHO","Angiosperms","Fabaceae","Crotalaria","stipularia","Desv.","FABACEAE Crotalaria stipularia Desv.","RFFP36158",,"RFFP","Damasceno, D.B.M.","1154","Native","2024","Machado, D.N.S.","2024","Prata","Ouro",,"Cachoeiras de Macacu","Brasil, Estado do Rio de Janeiro, Município de Cachoeiras de Macacu, Patis, Monumento Natural Municipal da Serra do Soarinho, Núcleo Patis, Rodovia RJ 126, trecho entre o Posto Ypiranga e a Base Operacional da Petrobrás, 22º35´´27""S - 42º36´´11""W, 71 msm."
"MONUMENTO NATURAL MUNICIPAL DA SERRA DO SOARINHO","Angiosperms","Fabaceae","Ctenodon","elegans","(Schltdl. & Cham.) D.B.O.S.Cardoso & A.Delgado","FABACEAE Ctenodon elegans (Schltdl. & Cham.) D.B.O.S.Cardoso & A.Delgado","RFFP36153",,"RFFP","Damasceno, D.B.M.","1150","Native","2024","Machado, D.N.S.","2024","Prata","Ouro",,"Cachoeiras de Macacu","Brasil, Estado do Rio de Janeiro, Município de Cachoeiras de Macacu, Derribada, Monumento Natural Municipal da Serra do Soarinho, Núcleo Granada, estrada para Rio Bonito, na vertente acima do Bar do Astério, 22º39´´39""S - 42º42´´50""W, 125 msm."
"MONUMENTO NATURAL MUNICIPAL DA SERRA DO SOARINHO","Angiosperms","Fabaceae","Desmodium","axillare","(Sw.) DC.","FABACEAE Desmodium axillare (Sw.) DC.","RFFP35770",,"RFFP","Damasceno, D.B.M.","588","Native","2024","Machado, D.N.S.","2024","Prata","Ouro",,"Cachoeiras de Macacu","Brasil, Estado do Rio de Janeiro, Município de Cachoeiras de Macacu, Soarinho, Monumento Natural Municipal da Serra do Soarinho, Núcleo Soarinho, 22º36´´28""S - 42º41´´24""W, 335 msm"
"MONUMENTO NATURAL MUNICIPAL DA SERRA DO SOARINHO","Angiosperms","Fabaceae","Desmodium","incanum","(Sw.) DC.","FABACEAE Desmodium incanum (Sw.) DC.","RFFP35219",,"RFFP","Damasceno, D.B.M.","795","Native","2024","Machado, D.N.S.","2024","Prata","Ouro",,"Cachoeiras de Macacu","Derribada, Monumento Natural Municipal da Serra do Soarinho, Núcleo Granada, estrada para Rio Bonito, na vertente acima do Bar do Astério, 22º39´´15""S - 42º43´´39""W, 27 msm."
"MONUMENTO NATURAL MUNICIPAL DA SERRA DO SOARINHO","Angiosperms","Fabaceae","Desmodium","subsecundum","Vogel","FABACEAE Desmodium subsecundum Vogel","RFFP35220",,"RFFP","Damasceno, D.B.M.","796","Native","2024","Machado, D.N.S.","2024","Prata","Ouro",,"Cachoeiras de Macacu","Derribada, Monumento Natural Municipal da Serra do Soarinho, Núcleo Granada, estrada para Rio Bonito, na vertente acima do Bar do Astério, 22º39´´15""S - 42º43´´39""W, 27 msm."
"MONUMENTO NATURAL MUNICIPAL DA SERRA DO SOARINHO","Angiosperms","Fabaceae","Desmodium","uncinatum","(Jacq.) DC.","FABACEAE Desmodium uncinatum (Jacq.) DC.","RFFP35801",,"RFFP","Damasceno, D.B.M.","636","Native","2024","Machado, D.N.S.","2024","Prata","Ouro",,"Cachoeiras de Macacu","Brasil, Estado do Rio de Janeiro, Município de Cachoeiras de Macacu, Soarinho, Monumento Natural Municipal da Serra do Soarinho, Núcleo Soarinho, parte alta, 22º35´´31""S - 42º41´´07""W, 589 msm."
"MONUMENTO NATURAL MUNICIPAL DA SERRA DO SOARINHO","Angiosperms","Fabaceae","Enterolobium","contortisiliquum","(Vell.) Morong","FABACEAE Enterolobium contortisiliquum (Vell.) Morong","RFFP35418",,"RFFP","Damasceno, D.B.M.","905","Native","2024","Machado, D.N.S.","2024","Prata","Ouro",,"Cachoeiras de Macacu","Brasil, Estado do Rio de Janeiro, Município de Cachoeiras de Macacu, Bertholdo, Monumento Natural Municipal da Serra do Soarinho, Núcleo Bertholdo, 22º33´´22""S - 42º39´´50""W, 59 msm."
"MONUMENTO NATURAL MUNICIPAL DA SERRA DO SOARINHO","Angiosperms","Fabaceae","Erythrina","speciosa","Andrews","FABACEAE Erythrina speciosa Andrews","RFFP36012",,"RFFP","Damasceno, D.B.M.","1007","Native","2024","Machado, D.N.S.","2024","Prata","Ouro",,"Cachoeiras de Macacu","Brasil, Estado do Rio de Janeiro, Município de Cachoeiras de Macacu, Soarinho, Monumento Natural Municipal da Serra do Soarinho, Núcleo Soarinho, Cachoeira Janela do Céu, 22º36´´57""S - 42º40´´57""W, 141 msm."
"MONUMENTO NATURAL MUNICIPAL DA SERRA DO SOARINHO","Angiosperms","Fabaceae","Indigofera","spicata","Forssk.","FABACEAE Indigofera spicata Forssk.","RFFP35221",,"RFFP","Damasceno, D.B.M.","797","Native","2024","Machado, D.N.S.","2024","Prata","Ouro",,"Cachoeiras de Macacu","Derribada, Monumento Natural Municipal da Serra do Soarinho, Núcleo Granada, estrada para Rio Bonito, na vertente acima do Bar do Astério, 22º39´´15""S - 42º43´´39""W, 27 msm."
"MONUMENTO NATURAL MUNICIPAL DA SERRA DO SOARINHO","Angiosperms","Fabaceae","Inga","laurina","(Sw.) Willd.","FABACEAE Inga laurina (Sw.) Willd.","RFFP35226",,"RFFP","Damasceno, D.B.M.","802","Native","2024","Machado, D.N.S.","2024","Prata","Ouro",,"Cachoeiras de Macacu","Derribada, Monumento Natural Municipal da Serra do Soarinho, Núcleo Granada, estrada para Rio Bonito, na vertente acima do Bar do Astério, 22º39´´15""S - 42º43´´39""W, 27 msm."
"MONUMENTO NATURAL MUNICIPAL DA SERRA DO SOARINHO","Angiosperms","Fabaceae","Inga","platyptera","Benth.","FABACEAE Inga platyptera Benth.","RFFP35376",,"RFFP","Damasceno, D.B.M.","839","Native","2024","Machado, D.N.S.","2024","Prata","Ouro",,"Cachoeiras de Macacu","Brasil, Estado do Rio de Janeiro, Município de Cachoeiras de Macacu, Soarinho, Monumento Natural Municipal da Serra do Soarinho, Núcleo Soarinho, parte alta, 22º35´´31""S - 42º41´´07""W, 589 msm."
"MONUMENTO NATURAL MUNICIPAL DA SERRA DO SOARINHO","Angiosperms","Fabaceae","Inga","schinifolia","Benth.","FABACEAE Inga schinifolia Benth.","RFFP35211",,"RFFP","Damasceno, D.B.M.","785","Native","2024","Machado, D.N.S.","2024","Prata","Ouro",,"Cachoeiras de Macacu","Soarinho, Monumento Natural Municipal da Serra do Soarinho, Núcleo Soarinho, Vale do Rio Soarinho, acesso pela escolinha e a igreja, 22º36´´33""S - 42º42´´28""W, 254 msm."
"MONUMENTO NATURAL MUNICIPAL DA SERRA DO SOARINHO","Angiosperms","Fabaceae","Inga","striata","Benth.","FABACEAE Inga striata Benth.","RFFP35233",,"RFFP","Damasceno, D.B.M.","809","Native","2024","Machado, D.N.S.","2024","Prata","Ouro",,"Cachoeiras de Macacu","Soarinho, Monumento Natural Municipal da Serra do Soarinho, Núcleo Bertholdo, antes da grande figueira, 22º34´´24""S - 42º37´´36""W, 381 msm."
"MONUMENTO NATURAL MUNICIPAL DA SERRA DO SOARINHO","Angiosperms","Fabaceae","Machaerium","aculeatum","Raddi","FABACEAE Machaerium aculeatum Raddi","RFFP35453",,"RFFP","Damasceno, D.B.M.","977","Native","2024","Machado, D.N.S.","2024","Prata","Ouro",,"Cachoeiras de Macacu","Brasil, Estado do Rio de Janeiro, Município de Cachoeiras de Macacu, Soarinho, Monumento Natural Municipal da Serra do Soarinho, Núcleo Soarinho, Próximo a Escolinha do Soarinho 22º36´´43""S - 42º40´´21""W, 188 msm."
"MONUMENTO NATURAL MUNICIPAL DA SERRA DO SOARINHO","Angiosperms","Fabaceae","Machaerium","punctatum","(Poir.) Pers.","FABACEAE Machaerium punctatum (Poir.) Pers.","RFFP35215",,"RFFP","Damasceno, D.B.M.","791","Native","2024","Machado, D.N.S.","2024","Prata","Ouro",,"Cachoeiras de Macacu","Soarinho, Monumento Natural Municipal da Serra do Soarinho, Núcleo Soarinho, Cachoeira Janela do Céu, 22º37´´01""S - 42º40´´59""W, 196 msm."
"MONUMENTO NATURAL MUNICIPAL DA SERRA DO SOARINHO","Angiosperms","Fabaceae","Macropsychanthus","violaceus","(Mart. ex Benth.) L.P.Queiroz & Snak","FABACEAE Macropsychanthus violaceus (Mart. ex Benth.) L.P.Queiroz & Snak","RFFP35774",,"RFFP","Damasceno, D.B.M.","594","Native","2024","Machado, D.N.S.","2024","Prata","Ouro",,"Cachoeiras de Macacu","Brasil, Estado do Rio de Janeiro, Município de Cachoeiras de Macacu, Soarinho, Monumento Natural Municipal da Serra do Soarinho, Núcleo Patis, 22º34´´11""S - 42º33´´02""W, 41 msm."
"MONUMENTO NATURAL MUNICIPAL DA SERRA DO SOARINHO","Angiosperms","Fabaceae","Macrotyloma","axillare","(E.Mey.) Verdc.","FABACEAE Macrotyloma axillare (E.Mey.) Verdc.","RFFP35222",,"RFFP","Damasceno, D.B.M.","798","Native","2024","Machado, D.N.S.","2024","Prata","Ouro",,"Cachoeiras de Macacu","Derribada, Monumento Natural Municipal da Serra do Soarinho, Núcleo Granada, estrada para Rio Bonito, na vertente acima do Bar do Astério, 22º39´´15""S - 42º43´´39""W, 27 msm."
"MONUMENTO NATURAL MUNICIPAL DA SERRA DO SOARINHO","Angiosperms","Fabaceae","Mimosa","extensa","Benth.","FABACEAE Mimosa extensa Benth.","RFFP35436",,"RFFP","Damasceno, D.B.M.","946","Native","2024","Machado, D.N.S.","2024","Prata","Ouro",,"Cachoeiras de Macacu","Brasil, Estado do Rio de Janeiro, Município de Cachoeiras de Macacu, Soarinho, Monumento Natural Municipal da Serra do Soarinho, Núcleo Soarinho, 22º37´´18""S - 42º41´´31""W, 83 msm."
"MONUMENTO NATURAL MUNICIPAL DA SERRA DO SOARINHO","Angiosperms","Fabaceae","Myrocarpus","frondosus","Allemão","FABACEAE Myrocarpus frondosus Allemão","RFFP35451",,"RFFP","Damasceno, D.B.M.","975","Native","2024","Machado, D.N.S.","2024","Prata","Ouro",,"Cachoeiras de Macacu","Brasil, Estado do Rio de Janeiro, Município de Cachoeiras de Macacu, Soarinho, Monumento Natural Municipal da Serra do Soarinho, Núcleo Soarinho, Estrada do Soarinho, 22º36´´13""S - 42º39´´32""W, 209 msm."
"MONUMENTO NATURAL MUNICIPAL DA SERRA DO SOARINHO","Angiosperms","Fabaceae","Neustanthus","phaseoloides","(Roxb.) Benth.","FABACEAE Neustanthus phaseoloides (Roxb.) Benth.","RFFP35378",,"RFFP","Damasceno, D.B.M.","841","Native","2024","Machado, D.N.S.","2024","Prata","Ouro",,"Cachoeiras de Macacu","Brasil, Estado do Rio de Janeiro, Município de Cachoeiras de Macacu, Granada, Monumento Natural Municipal da Serra do Soarinho, Núcleo Granada, Estrada do Soarinho, 22º37´´12""S - 42º42´´29""W, 26 msm."
"MONUMENTO NATURAL MUNICIPAL DA SERRA DO SOARINHO","Angiosperms","Fabaceae","Nissolia","longiflora","(Benth. ex A.Gray) T.M.Moura & Fort.-Perez","FABACEAE Nissolia longiflora (Benth. ex A.Gray) T.M.Moura & Fort.-Perez","RFFP35795",,"RFFP","Damasceno, D.B.M.","628","Native","2024","Machado, D.N.S.","2024","Prata","Ouro",,"Cachoeiras de Macacu","Brasil, Estado do Rio de Janeiro, Município de Cachoeiras de Macacu, Soarinho, Monumento Natural Municipal da Serra do Soarinho, Núcleo Soarinho, Vale do Rio Soarinho, acesso pela escolinha e a igreja, 22º36´´40""S - 42º42´´50""W, 140 msm."
"MONUMENTO NATURAL MUNICIPAL DA SERRA DO SOARINHO","Angiosperms","Fabaceae","Piptadenia","adiantoides","(Spreng.) J.F.Macbr.","FABACEAE Piptadenia adiantoides (Spreng.) J.F.Macbr.","RFFP35227",,"RFFP","Damasceno, D.B.M.","803","Native","2024","Machado, D.N.S.","2024","Prata","Ouro",,"Cachoeiras de Macacu","Derribada, Monumento Natural Municipal da Serra do Soarinho, Núcleo Granada, estrada para Rio Bonito, após o morro desmoronado, 22º39´´43""S - 42º42´´47""W, 130 msm."
"MONUMENTO NATURAL MUNICIPAL DA SERRA DO SOARINHO","Angiosperms","Fabaceae","Pityrocarpa","inaequalis","(Benth.) L.P.Queiroz & Marc.F.Simon","FABACEAE Pityrocarpa inaequalis (Benth.) L.P.Queiroz & Marc.F.Simon","RFFP35214",,"RFFP","Damasceno, D.B.M.","788","Native","2024","Machado, D.N.S.","2024","Prata","Ouro",,"Cachoeiras de Macacu","Soarinho, Monumento Natural Municipal da Serra do Soarinho, Núcleo Soarinho, Cachoeira Janela do Céu, 22º37´´01""S - 42º40´´59""W, 196 msm."
"MONUMENTO NATURAL MUNICIPAL DA SERRA DO SOARINHO","Angiosperms","Fabaceae","Platycyamus","regnellii","Benth.","FABACEAE Platycyamus regnellii Benth.","RFFP35804",,"RFFP","Damasceno, D.B.M.","640","Native","2024","Machado, D.N.S.","2024","Prata","Ouro",,"Cachoeiras de Macacu","Brasil, Estado do Rio de Janeiro, Município de Cachoeiras de Macacu, Soarinho, Monumento Natural Municipal da Serra do Soarinho, Núcleo Soarinho, trilha para a parte alta, acima do Vale do Rio Soarinho, 22º36´´24""S - 42º41´´38""W, 321 msm."
"MONUMENTO NATURAL MUNICIPAL DA SERRA DO SOARINHO","Angiosperms","Fabaceae","Platypodium","elegans","Vogel","FABACEAE Platypodium elegans Vogel","RFFP35223",,"RFFP","Damasceno, D.B.M.","799","Native","2024","Machado, D.N.S.","2024","Prata","Ouro",,"Cachoeiras de Macacu","Derribada, Monumento Natural Municipal da Serra do Soarinho, Núcleo Granada, estrada para Rio Bonito, na vertente acima do Bar do Astério, 22º40´´04""S - 42º42´´16""W, 118 msm."
"MONUMENTO NATURAL MUNICIPAL DA SERRA DO SOARINHO","Angiosperms","Fabaceae","Schnella","microstachya","Raddi","FABACEAE Schnella microstachya Raddi","RFFP35763",,"RFFP","Damasceno, D.B.M.","580","Native","2024","Machado, D.N.S.","2024","Prata","Ouro",,"Cachoeiras de Macacu","Brasil, Estado do Rio de Janeiro, Município de Cachoeiras de Macacu, Soarinho, Monumento Natural Municipal da Serra do Soarinho, Núcleo Soarinho, 22º36´´28""S - 42º41´´24""W, 335 msm"
"MONUMENTO NATURAL MUNICIPAL DA SERRA DO SOARINHO","Angiosperms","Fabaceae","Schnella","radiata","(Vell.) Trethowan & R. Clark","FABACEAE Schnella radiata (Vell.) Trethowan & R. Clark","RFFP35762",,"RFFP","Damasceno, D.B.M.","579","Native","2024","Machado, D.N.S.","2024","Prata","Ouro",,"Cachoeiras de Macacu","Brasil, Estado do Rio de Janeiro, Município de Cachoeiras de Macacu, Soarinho, Monumento Natural Municipal da Serra do Soarinho, Núcleo Cavada, 22º34´´50""S - 42º40´´59""W, 103 msm."
"MONUMENTO NATURAL MUNICIPAL DA SERRA DO SOARINHO","Angiosperms","Fabaceae","Senegalia","grandistipula","(Benth.) Seigler & Ebinger","FABACEAE Senegalia grandistipula (Benth.) Seigler & Ebinger","RFFP35365",,"RFFP","Damasceno, D.B.M.","790","Naturalized","2024","Machado, D.N.S.","2024","Prata","Ouro",,"Cachoeiras de Macacu","Brasil, Estado do Rio de Janeiro, Município de Cachoeiras de Macacu, Soarinho, Monumento Natural Municipal da Serra do Soarinho, Núcleo Soarinho, Vale do Rio Soarinho, acesso pela escolinha e a igreja, 22º36´´33""S - 42º42´´28""W, 254 msm."
"MONUMENTO NATURAL MUNICIPAL DA SERRA DO SOARINHO","Angiosperms","Fabaceae","Senegalia","hoehnei","Seigler, M.P.Morim, M.J.F.Barros & Ebinger","FABACEAE Senegalia hoehnei Seigler, M.P.Morim, M.J.F.Barros & Ebinger","RFFP35366",,"RFFP","Damasceno, D.B.M.","821","Native","2024","Machado, D.N.S.","2024","Prata","Ouro",,"Cachoeiras de Macacu","Brasil, Estado do Rio de Janeiro, Município de Cachoeiras de Macacu, Soarinho, Monumento Natural Municipal da Serra do Soarinho, Núcleo Soarinho, acesso pela escolinha e a igreja, 22º35´´57""S - 42º41´´45""W, 385 msm. Monumento Natural da Serra do Soarinho"
"MONUMENTO NATURAL MUNICIPAL DA SERRA DO SOARINHO","Angiosperms","Fabaceae","Senegalia","lacerans","(Benth.) Seigler & Ebinger","FABACEAE Senegalia lacerans (Benth.) Seigler & Ebinger","RFFP35229",,"RFFP","Damasceno, D.B.M.","805","Native","2024","Machado, D.N.S.","2024","Prata","Ouro",,"Cachoeiras de Macacu","Soarinho, Monumento Natural Municipal da Serra do Soarinho, Núcleo Bertholdo, acima da Cachoeira do Jordão, 22º34´´11""S - 42º38´´43""W, 164 msm."
"MONUMENTO NATURAL MUNICIPAL DA SERRA DO SOARINHO","Angiosperms","Fabaceae","Senna","obtusifolia","(L.) H.S.Irwin & Barneby","FABACEAE Senna obtusifolia (L.) H.S.Irwin & Barneby","RFFP35375",,"RFFP","Damasceno, D.B.M.","838","Native","2024","Machado, D.N.S.","2024","Prata","Ouro",,"Cachoeiras de Macacu","Brasil, Estado do Rio de Janeiro, Município de Cachoeiras de Macacu, Granada, Monumento Natural Municipal da Serra do Soarinho, Núcleo Granada, Estrada do Soarinho, acesso pela RJ-116, Rodovia Presidente João Goulart, 22º36´´43""S - 42º43´´41""W, 24 msm."
"MONUMENTO NATURAL MUNICIPAL DA SERRA DO SOARINHO","Angiosperms","Fabaceae","Senna","pendula","(Humb.& Bonpl.ex Willd.) H.S.Irwin & Barneby","FABACEAE Senna pendula (Humb.& Bonpl.ex Willd.) H.S.Irwin & Barneby","RFFP35404",,"RFFP","Damasceno, D.B.M.","883","Native","2024","Machado, D.N.S.","2024","Prata","Ouro",,"Cachoeiras de Macacu","Brasil, Estado do Rio de Janeiro, Município de Cachoeiras de Macacu, Granada, Monumento Natural Municipal da Serra do Soarinho, Núcleo Granada, Estrada do Soarinho, logo após a entrada pela Rodovia RJ 116, 22º36´´14""S - 42º44´´11""W, 17 msm."
"MONUMENTO NATURAL MUNICIPAL DA SERRA DO SOARINHO","Angiosperms","Fabaceae","Sesbania","virgata","(Cav.) Poir.","FABACEAE Sesbania virgata (Cav.) Poir.","RFFP35409",,"RFFP","Damasceno, D.B.M.","895","Native","2024","Machado, D.N.S.","2024","Prata","Ouro",,"Cachoeiras de Macacu","Brasil, Estado do Rio de Janeiro, Município de Cachoeiras de Macacu, Bertholdo, Monumento Natural Municipal da Serra do Soarinho, Núcleo Bertholdo, início da RJ 126, antes da plantação de milho, 22º33´´40""S - 42º40´´54""W, 31 msm."
"MONUMENTO NATURAL MUNICIPAL DA SERRA DO SOARINHO","Angiosperms","Fabaceae","Stryphnodendron","polyphyllum","Mart.","FABACEAE Stryphnodendron polyphyllum Mart.","RFFP36605",,"RFFP","Damasceno, D.B.M.","978","Native","2024","Machado, D.N.S.","2024","Prata","Ouro",,"Cachoeiras de Macacu","Soarinho, Monumento Natural Municipal da Serra do Soarinho, Núcleo Soarinho, próximo a Escolinha do Soarinho 22º36´´43""S - 42º40´´21""W, 188 msm. Monumento Natural da Serra do Soarinho"
"MONUMENTO NATURAL MUNICIPAL DA SERRA DO SOARINHO","Angiosperms","Fabaceae","Stylosanthes","scabra","Vogel","FABACEAE Stylosanthes scabra Vogel","RFFP35224",,"RFFP","Damasceno, D.B.M.","800","Native","2024","Machado, D.N.S.","2024","Prata","Ouro",,"Cachoeiras de Macacu","Derribada, Monumento Natural Municipal da Serra do Soarinho, Núcleo Granada, estrada para Rio Bonito, na vertente acima do Bar do Astério, 22º39´´39""S - 42º42´´50""W, 125 msm."
"MONUMENTO NATURAL MUNICIPAL DA SERRA DO SOARINHO","Angiosperms","Fabaceae","Swartzia","simplex","(Raddi) R.S.Cowan","FABACEAE Swartzia simplex var. grandiflora (Raddi) R.S.Cowan","RFFP36080",,"RFFP","Damasceno, D.B.M.","1077","Native","2024","Machado, D.N.S.","2024","Prata","Ouro",,"Cachoeiras de Macacu","Brasil, Estado do Rio de Janeiro, Município de Cachoeiras de Macacu, Soarinho, Monumento Natural Municipal da Serra do Soarinho, Núcleo Soarinho, Vale do Rio Soarinho, acesso pela escolinha e a igreja, 22º36´´46""S - 42º42´´50""W, 191 msm."
"MONUMENTO NATURAL MUNICIPAL DA SERRA DO SOARINHO","Angiosperms","Fabaceae","Tephrosia","candida","DC.","FABACEAE Tephrosia candida DC.","RFFP35812",,"RFFP","Damasceno, D.B.M.","651","Native","2024","Machado, D.N.S.","2024","Prata","Ouro",,"Cachoeiras de Macacu","Brasil, Estado do Rio de Janeiro, Município de Cachoeiras de Macacu, Monumento Natural Municipal da Serra do Soarinho, Núcleo Bertholdo, margem da Rodovia RJ 126, 22º34´´24""S - 42°37´´46""W, 356 msm."
"MONUMENTO NATURAL MUNICIPAL DA SERRA DO SOARINHO","Angiosperms","Fabaceae","Vigna","vexillata","(L.) Rich.","FABACEAE Vigna vexillata (L.) Rich.","RFFP36160",,"RFFP","Damasceno, D.B.M.","1156","Native","2024","Machado, D.N.S.","2024","Prata","Ouro",,"Cachoeiras de Macacu","Brasil, Estado do Rio de Janeiro, Município de Cachoeiras de Macacu, Patis, Monumento Natural Municipal da Serra do Soarinho, Núcleo Patis, Rodovia RJ 126, trecho entre o Posto Ypiranga e a Base Operacional da Petrobrás, 22º35´´27""S - 42º36´´11""W, 71 msm."
"MONUMENTO NATURAL MUNICIPAL DA SERRA DO SOARINHO","Angiosperms","Fabaceae","Zornia","latifolia","Sm.","FABACEAE Zornia latifolia Sm.","RFFP35225",,"RFFP","Damasceno, D.B.M.","801","Native","2024","Machado, D.N.S.","2024","Prata","Ouro",,"Cachoeiras de Macacu","Derribada, Monumento Natural Municipal da Serra do Soarinho, Núcleo Granada, estrada para Rio Bonito, na vertente acima do Bar do Astério, 22º39´´39""S - 42º42´´50""W, 125 msm."
"MONUMENTO NATURAL MUNICIPAL DA SERRA DO SOARINHO","Angiosperms","Gesneriaceae","Codonanthe","gracilis","(Mart.) Hanst.","GESNERIACEAE Codonanthe gracilis (Mart.) Hanst.","RFFP35438",,"RFFP","Damasceno, D.B.M.","949","Native","2024","Machado, D.N.S.","2024","Prata","Ouro",,"Cachoeiras de Macacu","Brasil, Estado do Rio de Janeiro, Município de Cachoeiras de Macacu, Soarinho, Monumento Natural Municipal da Serra do Soarinho, Núcleo Soarinho, Cachoeira Janela do Céu, 22º36´´56""S - 42º41´´02""W, 130 msm."
"MONUMENTO NATURAL MUNICIPAL DA SERRA DO SOARINHO","Angiosperms","Heliotropiaceae","Myriopus","breviflorus","(DC.) Luebert","HELIOTROPIACEAE Myriopus breviflorus (DC.) Luebert","RFFP35434",,"RFFP","Damasceno, D.B.M.","937","Native","2024","Machado, D.N.S.","2024","Prata","Ouro",,"Cachoeiras de Macacu","Brasil, Estado do Rio de Janeiro, Município de Cachoeiras de Macacu, Soarinho, Monumento Natural Municipal da Serra do Soarinho, Núcleo Cavada, acesso pelo Parque Terra Santa, trilha para a parte alta, 22º35´´42""S - 42º41´´38""W, 559 msm. Monumento Natural da Serra do Soarinho"
"MONUMENTO NATURAL MUNICIPAL DA SERRA DO SOARINHO","Angiosperms","Hypericaceae","Vismia","pentagyna","(Spreng.) Ewan","HYPERICACEAE Vismia pentagyna (Spreng.) Ewan","RFFP36161",,"RFFP","Damasceno, D.B.M.","1157","Native","2024","Machado, D.N.S.","2024","Prata","Ouro",,"Cachoeiras de Macacu","Brasil, Estado do Rio de Janeiro, Município de Cachoeiras de Macacu, Patis, Monumento Natural Municipal da Serra do Soarinho, Núcleo Patis, Rodovia RJ 126, trecho entre o Posto Ypiranga e a Base Operacional da Petrobrás, 22º34´´50""S - 42º37´´01""W, 205 msm."
"MONUMENTO NATURAL MUNICIPAL DA SERRA DO SOARINHO","Angiosperms","Lamiaceae","Tectona","grandis","L.f.","LAMIACEAE Tectona grandis L.f.","RFFP35182",,"RFFP","Damasceno, D.B.M.","759","Native","2024","Machado, D.N.S.","2024","Prata","Ouro",,"Cachoeiras de Macacu","Soarinho, Monumento Natural Municipal da Serra do Soarinho, Núcleo Granada, Estrada do Soarinho, 22º37´´20""S - 42º42´´13""W, 30 msm."
"MONUMENTO NATURAL MUNICIPAL DA SERRA DO SOARINHO","Angiosperms","Lauraceae","Endlicheria","paniculata","(Spreng.) J.F.Macbr.","LAURACEAE Endlicheria paniculata (Spreng.) J.F.Macbr.","RFFP35208",,"RFFP","Damasceno, D.B.M.","782","Native","2024","Machado, D.N.S.","2024","Prata","Ouro",,"Cachoeiras de Macacu","Soarinho, Monumento Natural Municipal da Serra do Soarinho, Núcleo Soarinho, Cachoeira Janela do Céu, 22º37´´01""S - 42º40´´59""W, 196 msm."
"MONUMENTO NATURAL MUNICIPAL DA SERRA DO SOARINHO","Angiosperms","Lecythidaceae","Cariniana","legalis","(Mart.) Kuntze","LECYTHIDACEAE Cariniana legalis (Mart.) Kuntze","RFFP35184",,"RFFP","Damasceno, D.B.M.","757","Native","2024","Machado, D.N.S.","2024","Prata","Ouro",,"Cachoeiras de Macacu","Soarinho, Monumento Natural Municipal da Serra do Soarinho, Núcleo Soarinho, Cachoeira Janela do Céu, 22º37´´00""S - 42º41´´25""W, 144 msm. Monumento Natural da Serra do Soarinho"
"MONUMENTO NATURAL MUNICIPAL DA SERRA DO SOARINHO","Angiosperms","Lecythidaceae","Lecythis","lurida","(Miers) S.A.Mori","LECYTHIDACEAE Lecythis lurida (Miers) S.A.Mori","RFFP36095",,"RFFP","Damasceno, D.B.M.","1092","Native","2024","Machado, D.N.S.","2024","Prata","Ouro",,"Cachoeiras de Macacu","Brasil, Estado do Rio de Janeiro, Município de Cachoeiras de Macacu, Monumento Natural Municipal da Serra do Soarinho, Núcleo Cavada, início da trilha para a parte alta, 22º34´´33""S - 42º41´´32""W, 39 msm."
"MONUMENTO NATURAL MUNICIPAL DA SERRA DO SOARINHO","Angiosperms","Loganiaceae","Spigelia","beyrichiana","Cham. & Schltdl.","LOGANIACEAE Spigelia beyrichiana Cham. & Schltdl.","RFFP35454",,"RFFP","Damasceno, D.B.M.","981","Native","2024","Machado, D.N.S.","2024","Prata","Ouro",,"Cachoeiras de Macacu","Brasil, Estado do Rio de Janeiro, Município de Cachoeiras de Macacu, Bertholdo, Monumento Natural Municipal da Serra do Soarinho, Núcleo Bertholdo, próximo ao Poço Véu da Amante, 22º34´´11""S - 42º38´´17""W, 206 msm."
"MONUMENTO NATURAL MUNICIPAL DA SERRA DO SOARINHO","Angiosperms","Malvaceae","Pavonia","malacophylla","(Link & Otto) Garcke","MALVACEAE Pavonia malacophylla (Link & Otto) Garcke","RFFP35361",,"RFFP","Damasceno, D.B.M.","743","Native","2024","Machado, D.N.S.","2024","Prata","Ouro",,"Cachoeiras de Macacu","Brasil, Estado do Rio de Janeiro, Município de Cachoeiras de Macacu, Soarinho, Monumento Natural Municipal da Serra do Soarinho, Núcleo Soarinho, Vale Escondido, acesso atrás do afloramento rochoso, 22º36´´33""S - 42º42´´28""W, 254 msm."
"MONUMENTO NATURAL MUNICIPAL DA SERRA DO SOARINHO","Angiosperms","Malvaceae","Sida","nemorensis","Mart. ex Colla","MALVACEAE Sida nemorensis Mart. ex Colla","RFFP35368",,"RFFP","Damasceno, D.B.M.","823","Native","2024","Machado, D.N.S.","2024","Prata","Ouro",,"Cachoeiras de Macacu","Brasil, Estado do Rio de Janeiro, Município de Cachoeiras de Macacu, Granada, Monumento Natural Municipal da Serra do Soarinho, Núcleo Granada, Estrada do Soarinho, acesso pela RJ-116, Rodovia Presidente João Goulart, 22º36´´43""S - 42º43´´41""W, 24 msm."
"MONUMENTO NATURAL MUNICIPAL DA SERRA DO SOARINHO","Angiosperms","Melastomataceae","Clidemia","biserrata","DC.","MELASTOMATACEAE Clidemia biserrata DC.","RFFP35411",,"RFFP","Damasceno, D.B.M.","897","Native","2024","Machado, D.N.S.","2024","Prata","Ouro",,"Cachoeiras de Macacu","Brasil, Estado do Rio de Janeiro, Município de Cachoeiras de Macacu, Bertholdo, Monumento Natural Municipal da Serra do Soarinho, Núcleo Bertholdo, próximo ao Poço Véu da Amante, 22º34´´11""S - 42º38´´17""W, 206 msm. Monumento Natural da Serra do Soarinho"
"MONUMENTO NATURAL MUNICIPAL DA SERRA DO SOARINHO","Angiosperms","Melastomataceae","Miconia","albicans","(Sw.) Steud.","MELASTOMATACEAE Miconia albicans (Sw.) Steud.","RFFP36038",,"RFFP","Damasceno, D.B.M.","1034","Native","2024","Machado, D.N.S.","2024","Prata","Ouro",,"Cachoeiras de Macacu","Brasil, Estado do Rio de Janeiro, Município de Cachoeiras de Macacu, Bertholdo, Monumento Natural Municipal da Serra do Soarinho, Núcleo Bertholdo, próximo ao Poço Véu da Amante, 22º34´´11""S - 42º38´´17""W, 206 msm."
"MONUMENTO NATURAL MUNICIPAL DA SERRA DO SOARINHO","Angiosperms","Melastomataceae","Miconia","prasina","(Sw.) DC.","MELASTOMATACEAE Miconia prasina (Sw.) DC.","RFFP36036",,"RFFP","Damasceno, D.B.M.","1032","Native","2024","Machado, D.N.S.","2024","Prata","Ouro",,"Cachoeiras de Macacu","Brasil, Estado do Rio de Janeiro, Município de Cachoeiras de Macacu, Bertholdo, Monumento Natural Municipal da Serra do Soarinho, Núcleo Bertholdo, próximo ao Poço Véu da Amante, 22º34´´11""S - 42º38´´17""W, 206 msm."
"MONUMENTO NATURAL MUNICIPAL DA SERRA DO SOARINHO","Angiosperms","Meliaceae","Cedrela","odorata","L.","MELIACEAE Cedrela odorata L.","RFFP35243",,"RFFP","Damasceno, D.B.M.","753","Native","2024","Machado, D.N.S.","2024","Prata","Ouro",,"Cachoeiras de Macacu","Soarinho, Monumento Natural Municipal da Serra do Soarinho, Núcleo Soarinho, Vale Escondido, acesso atrás do afloramento rochoso, 22º36´´33""S - 42º42´´28""W, 254 msm."
"MONUMENTO NATURAL MUNICIPAL DA SERRA DO SOARINHO","Angiosperms","Meliaceae","Guarea","guidonia","(L.) Sleumer","MELIACEAE Guarea guidonia (L.) Sleumer","RFFP36030",,"RFFP","Damasceno, D.B.M.","1026","Native","2024","Machado, D.N.S.","2024","Prata","Ouro",,"Cachoeiras de Macacu","Brasil, Estado do Rio de Janeiro, Município de Cachoeiras de Macacu, Bertholdo, Monumento Natural Municipal da Serra do Soarinho, Núcleo Bertholdo, próximo ao Poço Véu da Amante, 22º34´´11""S - 42º38´´17""W, 206 msm."
"MONUMENTO NATURAL MUNICIPAL DA SERRA DO SOARINHO","Angiosperms","Moraceae","Ficus","clusiifolia","Schott","MORACEAE Ficus clusiifolia Schott","RFFP35767",,"RFFP","Damasceno, D.B.M.","584","Native","2024","Machado, D.N.S.","2024","Prata","Ouro",,"Cachoeiras de Macacu","Brasil, Estado do Rio de Janeiro, Município de Cachoeiras de Macacu, Soarinho, Monumento Natural Municipal da Serra do Soarinho, Núcleo Soarinho, 22º35´´31""S - 42º41´´07""W, 589 msm."
"MONUMENTO NATURAL MUNICIPAL DA SERRA DO SOARINHO","Angiosperms","Picramniaceae","Picramnia","glazioviana","Engl.","PICRAMNIACEAE Picramnia glazioviana Engl.","RFFP36163",,"RFFP","Damasceno, D.B.M.","1159","Native","2024","Machado, D.N.S.","2024","Prata","Ouro",,"Cachoeiras de Macacu","Brasil, Estado do Rio de Janeiro, Município de Cachoeiras de Macacu, Patis, Monumento Natural Municipal da Serra do Soarinho, Núcleo Patis, Rodovia RJ 126, trecho entre o Posto Ypiranga e a Base Operacional da Petrobrás, 22º34´´48""S - 42º36´´42""W, 167 msm."
"MONUMENTO NATURAL MUNICIPAL DA SERRA DO SOARINHO","Angiosperms","Piperaceae","Peperomia","alata","Ruiz & Pav.","PIPERACEAE Peperomia alata Ruiz & Pav.","RFFP35443",,"RFFP","Damasceno, D.B.M.","958","Cultivated","2024","Machado, D.N.S.","2024","Prata","Ouro",,"Cachoeiras de Macacu","Brasil, Estado do Rio de Janeiro, Município de Cachoeiras de Macacu, Soarinho, Monumento Natural Municipal da Serra do Soarinho, Núcleo Soarinho, Cachoeira Janela do Céu, 22º36´´58""S - 42º41´´00""W, 139 msm."
"MONUMENTO NATURAL MUNICIPAL DA SERRA DO SOARINHO","Angiosperms","Piperaceae","Peperomia","pseudoestrellensis","C.DC.","PIPERACEAE Peperomia pseudoestrellensis C.DC.","RFFP35442",,"RFFP","Damasceno, D.B.M.","957","Native","2024","Machado, D.N.S.","2024","Prata","Ouro",,"Cachoeiras de Macacu","Brasil, Estado do Rio de Janeiro, Município de Cachoeiras de Macacu, Soarinho, Monumento Natural Municipal da Serra do Soarinho, Núcleo Soarinho, Cachoeira Janela do Céu, 22º36´´58""S - 42º41´´00""W, 139 msm."
"MONUMENTO NATURAL MUNICIPAL DA SERRA DO SOARINHO","Angiosperms","Piperaceae","Peperomia","rubricaulis","(Nees) A.Dietr.","PIPERACEAE Peperomia rubricaulis (Nees) A.Dietr.","RFFP35441",,"RFFP","Damasceno, D.B.M.","956","Native","2024","Machado, D.N.S.","2024","Prata","Ouro",,"Cachoeiras de Macacu","Brasil, Estado do Rio de Janeiro, Município de Cachoeiras de Macacu, Soarinho, Monumento Natural Municipal da Serra do Soarinho, Núcleo Soarinho, Cachoeira Janela do Céu, 22º36´´58""S - 42º41´´00""W, 139 msm."
"MONUMENTO NATURAL MUNICIPAL DA SERRA DO SOARINHO","Angiosperms","Piperaceae","Piper","dilatatum","Rich.","PIPERACEAE Piper dilatatum Rich.","RFFP36029",,"RFFP","Damasceno, D.B.M.","1025","Native","2024","Machado, D.N.S.","2024","Prata","Ouro",,"Cachoeiras de Macacu","Brasil, Estado do Rio de Janeiro, Município de Cachoeiras de Macacu, Bertholdo, Monumento Natural Municipal da Serra do Soarinho, Núcleo Bertholdo, próximo ao Poço Véu da Amante, 22º34´´11""S - 42º38´´17""W, 206 msm."
"MONUMENTO NATURAL MUNICIPAL DA SERRA DO SOARINHO","Angiosperms","Ranunculaceae","Clematis","brasiliana","DC.","RANUNCULACEAE Clematis brasiliana DC.","RFFP35808",,"RFFP","Damasceno, D.B.M.","646","Native","2024","Machado, D.N.S.","2024","Prata","Ouro",,"Cachoeiras de Macacu","Brasil, Estado do Rio de Janeiro, Município de Cachoeiras de Macacu, Monumento Natural Municipal da Serra do Soarinho, Núcleo Bertholdo, margem da Rodovia RJ 126, 22º34´´24""S - 42°37´´46""W, 356 msm."
"MONUMENTO NATURAL MUNICIPAL DA SERRA DO SOARINHO","Angiosperms","Rubiaceae","Alseis","floribunda","Schott","RUBIACEAE Alseis floribunda Schott","RFFP35452",,"RFFP","Damasceno, D.B.M.","976","Native","2024","Machado, D.N.S.","2024","Prata","Ouro",,"Cachoeiras de Macacu","Brasil, Estado do Rio de Janeiro, Município de Cachoeiras de Macacu, Bertholdo, Monumento Natural Municipal da Serra do Soarinho, Núcleo Bertholdo, 22º33´´59""S - 42º39´´40""W, 55 msm."
"MONUMENTO NATURAL MUNICIPAL DA SERRA DO SOARINHO","Angiosperms","Rubiaceae","Coutarea","hexandra","(Jacq.) K.Schum.","RUBIACEAE Coutarea hexandra (Jacq.) K.Schum.","RFFP35383",,"RFFP","Damasceno, D.B.M.","846","Native","2024","Machado, D.N.S.","2024","Prata","Ouro",,"Cachoeiras de Macacu","Brasil, Estado do Rio de Janeiro, Município de Cachoeiras de Macacu, Soarinho, Monumento Natural Municipal da Serra do Soarinho, Núcleo Soarinho, Cachoeira Janela do Céu, 22º37´´00""S - 42º41´´00""W, 186 msm."
"MONUMENTO NATURAL MUNICIPAL DA SERRA DO SOARINHO","Angiosperms","Rubiaceae","Sabicea","grisea","Cham. & Schltdl.","RUBIACEAE Sabicea grisea Cham. & Schltdl.","RFFP35398",,"RFFP","Damasceno, D.B.M.","873","Native","2024","Machado, D.N.S.","2024","Prata","Ouro",,"Cachoeiras de Macacu","Brasil, Estado do Rio de Janeiro, Município de Cachoeiras de Macacu, Derribada, Monumento Natural Municipal da Serra do Soarinho, Núcleo Granada, estrada para Rio Bonito, após o morro desmoronado, 22º39´´43""S - 42º42´´47""W, 130 msm."
"MONUMENTO NATURAL MUNICIPAL DA SERRA DO SOARINHO","Angiosperms","Rutaceae","Conchocarpus","ruber","(A.St.Hil.) Bruniera & Groppo","RUTACEAE Conchocarpus ruber (A.St.Hil.) Bruniera & Groppo","RFFP36098",,"RFFP","Damasceno, D.B.M.","1095","Native","2024","Machado, D.N.S.","2024","Prata","Ouro",,"Cachoeiras de Macacu","Brasil, Estado do Rio de Janeiro, Município de Cachoeiras de Macacu, Soarinho, Monumento Natural Municipal da Serra do Soarinho, Núcleo Soarinho, Cachoeira Janela do Céu, 22º37´´01""S - 42º40´´59""W, 196 msm."
"MONUMENTO NATURAL MUNICIPAL DA SERRA DO SOARINHO","Angiosperms","Rutaceae","Esenbeckia","grandiflora","Mart.","RUTACEAE Esenbeckia grandiflora Mart.","RFFP36009",,"RFFP","Damasceno, D.B.M.","1003","Native","2024","Machado, D.N.S.","2024","Prata","Ouro",,"Cachoeiras de Macacu","Brasil, Estado do Rio de Janeiro, Município de Cachoeiras de Macacu, Soarinho, Monumento Natural Municipal da Serra do Soarinho, Núcleo Soarinho, Cachoeira Janela do Céu, 22º37´´01""S - 42º40´´59""W, 196 msm."
"MONUMENTO NATURAL MUNICIPAL DA SERRA DO SOARINHO","Angiosperms","Rutaceae","Metrodorea","nigra","A.St.-Hil.","RUTACEAE Metrodorea nigra A.St.-Hil.","RFFP36079",,"RFFP","Damasceno, D.B.M.","1076","Native","2024","Machado, D.N.S.","2024","Prata","Ouro",,"Cachoeiras de Macacu","Brasil, Estado do Rio de Janeiro, Município de Cachoeiras de Macacu, Soarinho, Monumento Natural Municipal da Serra do Soarinho, Núcleo Soarinho, Vale do Rio Soarinho, acesso pela escolinha e a igreja, 22º36´´46""S - 42º42´´50""W, 191 msm."
"MONUMENTO NATURAL MUNICIPAL DA SERRA DO SOARINHO","Angiosperms","Salicaceae","Banara","serrata","(Vell.) Warb.","SALICACEAE Banara serrata (Vell.) Warb.","RFFP35738",,"RFFP","Damasceno, D.B.M.","550","Native","2024","Machado, D.N.S.","2024","Prata","Ouro",,"Cachoeiras de Macacu","Brasil, Estado do Rio de Janeiro, Município de Cachoeiras de Macacu, Soarinho, Monumento Natural Municipal da Serra do Soarinho, Núcleo Granada, encosta a frente do Sítio Verde, 22º37´´01""S - 42º40´´59""W, 200 msm. Monumento Natural da Serra do Soarinho"
"MONUMENTO NATURAL MUNICIPAL DA SERRA DO SOARINHO","Angiosperms","Salicaceae","Casearia","sylvestris","Sw.","SALICACEAE Casearia sylvestris Sw.","RFFP36040",,"RFFP","Damasceno, D.B.M.","1036","Native","2024","Machado, D.N.S.","2024","Prata","Ouro",,"Cachoeiras de Macacu","Brasil, Estado do Rio de Janeiro, Município de Cachoeiras de Macacu, Bertholdo, Monumento Natural Municipal da Serra do Soarinho, Núcleo Bertholdo, cachoeira próxima a Capela de Santa Rita de Cássia, 22º34´´01""S - 42º39´´28""W, 59 msm."
"MONUMENTO NATURAL MUNICIPAL DA SERRA DO SOARINHO","Angiosperms","Sapindaceae","Allophylus","puberulus","(Cambess.) Radlk.","SAPINDACEAE Allophylus puberulus (Cambess.) Radlk.","RFFP35450",,"RFFP","Damasceno, D.B.M.","974","Native","2024","Machado, D.N.S.","2024","Prata","Ouro",,"Cachoeiras de Macacu","Brasil, Estado do Rio de Janeiro, Município de Cachoeiras de Macacu, Bertholdo, Monumento Natural Municipal da Serra do Soarinho, Núcleo Bertholdo, próximo ao Poço Véu da Amante, 22º34´´11""S - 42º38´´17""W, 206 msm."
"MONUMENTO NATURAL MUNICIPAL DA SERRA DO SOARINHO","Angiosperms","Sapindaceae","Cardiospermum","halicacabum","L.","SAPINDACEAE Cardiospermum halicacabum L.","RFFP36165",,"RFFP","Damasceno, D.B.M.","1161","Native","2024","Machado, D.N.S.","2024","Prata","Ouro",,"Cachoeiras de Macacu","Brasil, Estado do Rio de Janeiro, Município de Cachoeiras de Macacu, Patis, Monumento Natural Municipal da Serra do Soarinho, Núcleo Patis, Rodovia RJ 126, trecho entre o Posto Ypiranga e a Base Operacional da Petrobrás, 22º35´´27""S - 42º36´´11""W, 71 msm."
"MONUMENTO NATURAL MUNICIPAL DA SERRA DO SOARINHO","Angiosperms","Sapindaceae","Matayba","sylvatica","(Casar.) Radlk.","SAPINDACEAE Matayba sylvatica (Casar.) Radlk.","RFFP36091",,"RFFP","Damasceno, D.B.M.","1088","Native","2024","Machado, D.N.S.","2024","Prata","Ouro",,"Cachoeiras de Macacu","Brasil, Estado do Rio de Janeiro, Município de Cachoeiras de Macacu, Soarinho, Monumento Natural Municipal da Serra do Soarinho, Núcleo Cavada, início da trilha para a parte alta, 22º34´´33""S - 42º41´´32""W, 39 msm."
"MONUMENTO NATURAL MUNICIPAL DA SERRA DO SOARINHO","Angiosperms","Sapindaceae","Paullinia","carpopoda","Cambess.","SAPINDACEAE Paullinia carpopoda Cambess.","RFFP35363",,"RFFP","Damasceno, D.B.M.","746","Naturalized","2024","Machado, D.N.S.","2024","Prata","Ouro",,"Cachoeiras de Macacu","Brasil, Estado do Rio de Janeiro, Município de Cachoeiras de Macacu, Soarinho, Monumento Natural Municipal da Serra do Soarinho, Núcleo Soarinho, parte alta, 22º35´´31""S - 42º41´´07""W, 589 msm."
"MONUMENTO NATURAL MUNICIPAL DA SERRA DO SOARINHO","Angiosperms","Sapindaceae","Serjania","clematidifolia","Cambess.","SAPINDACEAE Serjania clematidifolia Cambess.","RFFP35742",,"RFFP","Damasceno, D.B.M.","554","Native","2024","Machado, D.N.S.","2024","Prata","Ouro",,"Cachoeiras de Macacu","Brasil, Estado do Rio de Janeiro, Município de Cachoeiras de Macacu, Soarinho, Monumento Natural Municipal da Serra do Soarinho, Núcleo Bertholdo, margem da Rodovia RJ 126, 22º34´´22""S - 42°37´´51""W, 371 msm."
"MONUMENTO NATURAL MUNICIPAL DA SERRA DO SOARINHO","Angiosperms","Sapindaceae","Serjania","lethalis","A.St.-Hil.","SAPINDACEAE Serjania lethalis A.St.-Hil.","RFFP36102",,"RFFP","Damasceno, D.B.M.","1099","Native","2024","Machado, D.N.S.","2024","Prata","Ouro",,"Cachoeiras de Macacu","Brasil, Estado do Rio de Janeiro, Município de Cachoeiras de Macacu, Soarinho, Monumento Natural Municipal da Serra do Soarinho, Núcleo Soarinho, subida da cachoeira, rumo a parte alta, 22º36´´04""S - 42º41´´36""W, 396 msm."
"MONUMENTO NATURAL MUNICIPAL DA SERRA DO SOARINHO","Angiosperms","Siparunaceae","Siparuna","guianensis","Aubl.","SIPARUNACEAE Siparuna guianensis Aubl.","RFFP36093",,"RFFP","Damasceno, D.B.M.","1090","Native","2024","Machado, D.N.S.","2024","Prata","Ouro",,"Cachoeiras de Macacu","Brasil, Estado do Rio de Janeiro, Município de Cachoeiras de Macacu, Soarinho, Monumento Natural Municipal da Serra do Soarinho, Núcleo Cavada, início da trilha para a parte alta, 22º34´´33""S - 42º41´´32""W, 39 msm."
"MONUMENTO NATURAL MUNICIPAL DA SERRA DO SOARINHO","Angiosperms","Solanaceae","Brunfelsia","uniflora","(Pohl) D.Don","SOLANACEAE Brunfelsia uniflora (Pohl) D.Don","RFFP36090",,"RFFP","Damasceno, D.B.M.","1087","Native","2024","Machado, D.N.S.","2024","Prata","Ouro",,"Cachoeiras de Macacu","Brasil, Estado do Rio de Janeiro, Município de Cachoeiras de Macacu, Soarinho, Monumento Natural Municipal da Serra do Soarinho, Núcleo Cavada, início da trilha para a parte alta, 22º34´´33""S - 42º41´´32""W, 39 msm."
"MONUMENTO NATURAL MUNICIPAL DA SERRA DO SOARINHO","Angiosperms","Solanaceae","Cestrum","subpulverulentum","Mart.","SOLANACEAE Cestrum subpulverulentum Mart.","RFFP35373",,"RFFP","Damasceno, D.B.M.","828","Native","2024","Machado, D.N.S.","2024","Prata","Ouro",,"Cachoeiras de Macacu","Brasil, Estado do Rio de Janeiro, Município de Cachoeiras de Macacu, Soarinho, Monumento Natural Municipal da Serra do Soarinho, Núcleo Soarinho, parte alta, 22º35´´31""S - 42º41´´07""W, 589 msm."
"MONUMENTO NATURAL MUNICIPAL DA SERRA DO SOARINHO","Angiosperms","Solanaceae","Solanum","affine","Sendtn.","SOLANACEAE Solanum affine Sendtn.","RFFP35407",,"RFFP","Damasceno, D.B.M.","893","Native","2024","Machado, D.N.S.","2024","Prata","Ouro",,"Cachoeiras de Macacu","Brasil, Estado do Rio de Janeiro, Município de Cachoeiras de Macacu, Bertholdo, Monumento Natural Municipal da Serra do Soarinho, Núcleo Bertholdo, 22º34´´13""S - 42º38´´33""W, 170 msm. Monumento Natural da Serra do Soarinho"
"MONUMENTO NATURAL MUNICIPAL DA SERRA DO SOARINHO","Angiosperms","Solanaceae","Solanum","asperum","Rich.","SOLANACEAE Solanum asperum Rich.","RFFP36048",,"RFFP","Damasceno, D.B.M.","1045","Native","2024","Machado, D.N.S.","2024","Prata","Ouro",,"Cachoeiras de Macacu","Brasil, Estado do Rio de Janeiro, Município de Cachoeiras de Macacu, Bertholdo, Monumento Natural Municipal da Serra do Soarinho, Núcleo Bertholdo, próximo ao Poço Véu da Amante, 22º34´´11""S - 42º38´´17""W, 206 msm."
"MONUMENTO NATURAL MUNICIPAL DA SERRA DO SOARINHO","Angiosperms","Solanaceae","Solanum","campaniforme","Roem. & Schult.","SOLANACEAE Solanum campaniforme Roem. & Schult.","RFFP36049",,"RFFP","Damasceno, D.B.M.","1046","Native","2024","Machado, D.N.S.","2024","Prata","Ouro",,"Cachoeiras de Macacu","Brasil, Estado do Rio de Janeiro, Município de Cachoeiras de Macacu, Bertholdo, Monumento Natural Municipal da Serra do Soarinho, Núcleo Bertholdo, descida para Patis, antes da grande figueira e o mirante de Patis, 22º34´´23""S - 42º37´´32""W, 404 msm."
"MONUMENTO NATURAL MUNICIPAL DA SERRA DO SOARINHO","Angiosperms","Solanaceae","Solanum","didymum","Dunal","SOLANACEAE Solanum didymum Dunal","RFFP35794",,"RFFP","Damasceno, D.B.M.","627","Native","2024","Machado, D.N.S.","2024","Prata","Ouro",,"Cachoeiras de Macacu","Brasil, Estado do Rio de Janeiro, Município de Cachoeiras de Macacu, Soarinho, Monumento Natural Municipal da Serra do Soarinho, Núcleo Soarinho, parte alta, 22º35´´31""S - 42º41´´07""W, 589 msm. Monumento Natural da Serra do Soarinho"
"MONUMENTO NATURAL MUNICIPAL DA SERRA DO SOARINHO","Angiosperms","Solanaceae","Solanum","hexandrum","Vell.","SOLANACEAE Solanum hexandrum Vell.","RFFP35455",,"RFFP","Damasceno, D.B.M.","982","Native","2024","Machado, D.N.S.","2024","Prata","Ouro",,"Cachoeiras de Macacu","Brasil, Estado do Rio de Janeiro, Município de Cachoeiras de Macacu, Soarinho, Monumento Natural Municipal da Serra do Soarinho, Núcleo Soarinho, 22º36´´27""S - 42º41´´27""W, 354 msm"
"MONUMENTO NATURAL MUNICIPAL DA SERRA DO SOARINHO","Angiosperms","Solanaceae","Solanum","leptostachys","Dunal","SOLANACEAE Solanum leptostachys Dunal","RFFP36008",,"RFFP","Damasceno, D.B.M.","1001","Native","2024","Machado, D.N.S.","2024","Prata","Ouro",,"Cachoeiras de Macacu","Brasil, Estado do Rio de Janeiro, Município de Cachoeiras de Macacu, Soarinho, Monumento Natural Municipal da Serra do Soarinho, Núcleo Soarinho, Cachoeira Janela do Céu, 22º37´´01""S - 42º40´´59""W, 196 msm."
"MONUMENTO NATURAL MUNICIPAL DA SERRA DO SOARINHO","Angiosperms","Solanaceae","Solanum","leucodendron","Sendtn.","SOLANACEAE Solanum leucodendron Sendtn.","RFFP35408",,"RFFP","Damasceno, D.B.M.","894","Native","2024","Machado, D.N.S.","2024","Prata","Ouro",,"Cachoeiras de Macacu","Brasil, Estado do Rio de Janeiro, Município de Cachoeiras de Macacu, Bertholdo, Monumento Natural Municipal da Serra do Soarinho, Núcleo Bertholdo, 22º34´´21""S - 42º37´´59""W, 339 msm. Monumento Natural da Serra do Soarinho"
"MONUMENTO NATURAL MUNICIPAL DA SERRA DO SOARINHO","Angiosperms","Solanaceae","Solanum","martii","Sendtn.","SOLANACEAE Solanum martii Sendtn.","RFFP35183",,"RFFP","Damasceno, D.B.M.","758","Native","2024","Machado, D.N.S.","2024","Prata","Ouro",,"Cachoeiras de Macacu","Soarinho, Monumento Natural Municipal da Serra do Soarinho, Núcleo Soarinho, Cachoeira Janela do Céu, 22º37´´00""S - 42º41´´25""W, 144 msm."
"MONUMENTO NATURAL MUNICIPAL DA SERRA DO SOARINHO","Angiosperms","Solanaceae","Solanum","melissarum","Bohs","SOLANACEAE Solanum melissarum Bohs","RFFP36151",,"RFFP","Damasceno, D.B.M.","1148","Native","2024","Machado, D.N.S.","2024","Prata","Ouro",,"Cachoeiras de Macacu","Brasil, Estado do Rio de Janeiro, Município de Cachoeiras de Macacu, Soarinho, Monumento Natural Municipal da Serra do Soarinho, Núcleo Soarinho, 22º35´´28""S - 42º41´´07""W, 600 msm."
"MONUMENTO NATURAL MUNICIPAL DA SERRA DO SOARINHO","Angiosperms","Urticaceae","Boehmeria","caudata","Sw.","URTICACEAE Boehmeria caudata Sw.","RFFP36032",,"RFFP","Damasceno, D.B.M.","1028","Native","2024","Machado, D.N.S.","2024","Prata","Ouro",,"Cachoeiras de Macacu","Brasil, Estado do Rio de Janeiro, Município de Cachoeiras de Macacu, Bertholdo, Monumento Natural Municipal da Serra do Soarinho, Núcleo Bertholdo, próximo ao Poço Véu da Amante, 22º34´´11""S - 42º38´´17""W, 206 msm."
"MONUMENTO NATURAL MUNICIPAL DA SERRA DO SOARINHO","Angiosperms","Urticaceae","Cecropia","hololeuca","Miq.","URTICACEAE Cecropia hololeuca Miq.","RFFP36166",,"RFFP","Damasceno, D.B.M.","1162","Native","2024","Machado, D.N.S.","2024","Prata","Ouro",,"Cachoeiras de Macacu","Brasil, Estado do Rio de Janeiro, Município de Cachoeiras de Macacu, Bertholdo, Monumento Natural Municipal da Serra do Soarinho, Núcleo Bertholdo, descida para Patis, antes da grande figueira e o mirante de Patis, 22º34´´23""S - 42º37´´32""W, 404 msm."
"MONUMENTO NATURAL MUNICIPAL DA SERRA DO SOARINHO","Angiosperms","Violaceae","Anchietea","pyrifolia","(Mart.) G.Don","VIOLACEAE Anchietea pyrifolia (Mart.) G.Don","RFFP35513",,"RFFP","Damasceno, D.B.M.","218","Native","2024","Machado, D.N.S.","2023","Prata","Ouro",,"Cachoeiras de Macacu","Brasil, Estado do Rio de Janeiro, Município de Cachoeiras de Macacu, Soarinho, Monumento Natural Municipal da Serra do Soarinho, Núcleo Granada, RJ-116 (Rodovia Presidente João Goulart), 22º35´´21""S - 42º39´´23""W, 22 msm."
"MONUMENTO NATURAL MUNICIPAL DA SERRA DO SOARINHO","Angiosperms","Fabaceae","Machaerium","gracile","Benth.","FABACEAE Machaerium gracile Benth.","RFFP35616",,"RFFP","Damasceno, D.B.M.","365","Native","2023","Machado, D.N.S.","2024","Prata","Ouro",,"Cachoeiras de Macacu","Brasil, Estado do Rio de Janeiro, Município de Cachoeiras de Macacu, Soarinho, Monumento Natural Municipal da Serra do Soarinho, Núcleo Cavada, margem da Rodovia RJ 116, após a Subestação ENEL Papucaia, 22º35´´11""S - 42º42´´59""W, 23 msm. Monumento Natural da Serra do Soarinho"
"MONUMENTO NATURAL MUNICIPAL DA SERRA DO SOARINHO","Angiosperms","Rosaceae","Rubus","urticifolius","Poir.","ROSACEAE Rubus urticifolius Poir.","RFFP35524",,"RFFP","Damasceno, D.B.M.","235","Native","2023","Machado, D.N.S.","2024","Prata","Ouro",,"Cachoeiras de Macacu","Brasil, Estado do Rio de Janeiro, Município de Cachoeiras de Macacu, Soarinho, Monumento Natural Municipal da Serra do Soarinho, Núcleo Soarinho, 22º36´´28""S - 42º41´´24""W, 335 msm."
"MONUMENTO NATURAL MUNICIPAL DA SERRA DO SOARINHO","Angiosperms","Solanaceae","Solanum","sisymbriifolium","Lam.","SOLANACEAE Solanum sisymbriifolium Lam.","RFFP35406",,"RFFP","Damasceno, D.B.M.","892","Native","2023","Machado, D.N.S.","2024","Prata","Ouro",,"Cachoeiras de Macacu","Brasil, Estado do Rio de Janeiro, Município de Cachoeiras de Macacu, Bertholdo, Monumento Natural Municipal da Serra do Soarinho, Núcleo Bertholdo, 22º34´´13""S - 42º38´´33""W, 170 msm."
"MONUMENTO NATURAL MUNICIPAL DA SERRA DO SOARINHO","Angiosperms","Adoxaceae","Sambucus","nigra","L.","ADOXACEAE Sambucus nigra L.","RFFP34952",,"RFFP","Damasceno, D.B.M.","397","Native","2023","Machado, D.N.S.","2023","Prata","Ouro",,"Cachoeiras de Macacu","Soarinho, Monumento Natural Municipal da Serra do Soarinho, Núcleo Bertholdo, Estrada de Papucainha, 22º35´´19""S - 42º39´´30""W, 332 msm."
"MONUMENTO NATURAL MUNICIPAL DA SERRA DO SOARINHO","Angiosperms","Annonaceae","Annona","dolabripetala","Raddi","ANNONACEAE Annona dolabripetala Raddi","RFFP34957",,"RFFP","Damasceno, D.B.M.","457","Naturalized","2023","Machado, D.N.S.","2023","Prata","Ouro",,"Cachoeiras de Macacu","Soarinho, Monumento Natural Municipal da Serra do Soarinho, Núcleo Soarinho, próximo à bifurcação, 22º35´´37""S - 42º39´´08""W, 230 msm."
"MONUMENTO NATURAL MUNICIPAL DA SERRA DO SOARINHO","Angiosperms","Apocynaceae","Ruehssia","suberosa","(E.Fourn.) F.Esp.Santo & Rapini,","APOCYNACEAE Ruehssia suberosa (E.Fourn.) F.Esp.Santo & Rapini,","RFFP34974",,"RFFP","Damasceno, D.B.M.","466","Native","2023","Machado, D.N.S.","2023","Prata","Ouro",,"Cachoeiras de Macacu","Soarinho, Monumento Natural Municipal da Serra do Soarinho, Núcleo Soarinho, 22º36´´28""S - 42º41´´24""W, 335 msm."
"MONUMENTO NATURAL MUNICIPAL DA SERRA DO SOARINHO","Angiosperms","Asteraceae","Campuloclinium","macrocephalum","(Less.) DC.","ASTERACEAE Campuloclinium macrocephalum (Less.) DC.","RFFP35014",,"RFFP","Damasceno, D.B.M.","364","Native","2023","Machado, D.N.S.","2023","Prata","Ouro",,"Cachoeiras de Macacu","Soarinho, Monumento Natural Municipal da Serra do Soarinho, Núcleo Cavada, margem da Rodovia RJ 116, próximo a Subestação ENEL Papucaia, 22º35´´01""S - 42º43´´12""W, 21 msm."
"MONUMENTO NATURAL MUNICIPAL DA SERRA DO SOARINHO","Angiosperms","Asteraceae","Heterocondylus","alatus","(Vell.) R.M.King & H.Rob.","ASTERACEAE Heterocondylus alatus (Vell.) R.M.King & H.Rob.","RFFP35024",,"RFFP","Damasceno, D.B.M.","200","Native","2023","Machado, D.N.S.","2023","Prata","Ouro",,"Cachoeiras de Macacu","Soarinho, Monumento Natural Municipal da Serra do Soarinho, Núcleo Cavada, 22º35´´21""S - 42º39´´23""W, 315 msm."
"MONUMENTO NATURAL MUNICIPAL DA SERRA DO SOARINHO","Angiosperms","Asteraceae","Lepidaploa","sororia","(DC.) H.Rob.","ASTERACEAE Lepidaploa sororia (DC.) H.Rob.","RFFP35007",,"RFFP","Damasceno, D.B.M.","241","Native","2023","Machado, D.N.S.","2023","Prata","Ouro",,"Cachoeiras de Macacu","Soarinho, Monumento Natural Municipal da Serra do Soarinho, Núcleo Soarinho, 22º36´´28""S - 42º41´´24""W, 335 msm."
"MONUMENTO NATURAL MUNICIPAL DA SERRA DO SOARINHO","Angiosperms","Asteraceae","Mutisia","speciosa","Aiton ex Hook.","ASTERACEAE Mutisia speciosa Aiton ex Hook.","RFFP35022",,"RFFP","Damasceno, D.B.M.","276","Native","2023","Machado, D.N.S.","2023","Prata","Ouro",,"Cachoeiras de Macacu","Soarinho, Monumento Natural Municipal da Serra do Soarinho, Núcleo Cavada, 22º35´´34""S - 42º39´´05""W, 227 msm."
"MONUMENTO NATURAL MUNICIPAL DA SERRA DO SOARINHO","Angiosperms","Asteraceae","Piptocarpha","brasiliana","Cass.","ASTERACEAE Piptocarpha brasiliana Cass.","RFFP35021",,"RFFP","Damasceno, D.B.M.","306","Native","2023","Machado, D.N.S.","2023","Prata","Ouro",,"Cachoeiras de Macacu","Soarinho, Monumento Natural Municipal da Serra do Soarinho, Núcleo Soarinho, Estrada do Soarinho, 22º37´´18""S - 42º41´´33""W, 63 msm."
"MONUMENTO NATURAL MUNICIPAL DA SERRA DO SOARINHO","Angiosperms","Asteraceae","Pseudogynoxys","cabrerae","H.Rob. & Cuatrec.","ASTERACEAE Pseudogynoxys cabrerae H.Rob. & Cuatrec.","RFFP35016",,"RFFP","Damasceno, D.B.M.","368","Native","2023","Machado, D.N.S.","2023","Prata","Ouro",,"Cachoeiras de Macacu","Soarinho, Monumento Natural Municipal da Serra do Soarinho, Núcleo Cavada, margem da Rodovia RJ 116, próximo a Subestação ENEL Papucaia, 22º34´´41""S - 42º42´´50""W, 32 msm."
"MONUMENTO NATURAL MUNICIPAL DA SERRA DO SOARINHO","Angiosperms","Bignoniaceae","Adenocalymma","acutissimum","(Cham.) Miers","BIGNONIACEAE Adenocalymma acutissimum (Cham.) Miers","RFFP35107",,"RFFP","Damasceno, D.B.M.","226","Native","2023","Machado, D.N.S.","2023","Prata","Ouro",,"Cachoeiras de Macacu","Soarinho, Monumento Natural Municipal da Serra do Soarinho, Núcleo Soarinho, Estrada do Soarinho, 22º37´´21""S - 42º41´´29""W, 84 msm."
"MONUMENTO NATURAL MUNICIPAL DA SERRA DO SOARINHO","Angiosperms","Bignoniaceae","Adenocalymma","trifoliatum","(Vell.) R.C.Laroche","BIGNONIACEAE Adenocalymma trifoliatum (Vell.) R.C.Laroche","RFFP35140",,"RFFP","Damasceno, D.B.M.","482","Native","2023","Machado, D.N.S.","2023","Prata","Ouro",,"Cachoeiras de Macacu","Soarinho, Monumento Natural Municipal da Serra do Soarinho, Núcleo Cavada, início da trilha para a parte alta com acesso pelo Parque Terra Santa, 22º34´´38""S - 42°41´´21""W, 98 msm. Monumento Natural da Serra do Soarinho"
"MONUMENTO NATURAL MUNICIPAL DA SERRA DO SOARINHO","Angiosperms","Bignoniaceae","Jacaranda","macrantha","Cham.","BIGNONIACEAE Jacaranda macrantha Cham.","RFFP35131",,"RFFP","Damasceno, D.B.M.","454","Native","2023","Machado, D.N.S.","2023","Prata","Ouro",,"Cachoeiras de Macacu","Soarinho, Monumento Natural Municipal da Serra do Soarinho, Núcleo Soarinho, 22º36´´16´´´´S - 42º39´´37´´´´W, 221 msm."
"MONUMENTO NATURAL MUNICIPAL DA SERRA DO SOARINHO","Angiosperms","Convolvulaceae","Camonea","umbellata","(L.) A.R. Simões & Staples","CONVOLVULACEAE Camonea umbellata (L.) A.R. Simões & Staples","RFFP35516",,"RFFP","Damasceno, D.B.M.","223","Native","2023","Machado, D.N.S.","2023","Prata","Ouro",,"Cachoeiras de Macacu","Brasil, Estado do Rio de Janeiro, Município de Cachoeiras de Macacu, Soarinho, Monumento Natural Municipal da Serra do Soarinho, Núcleo Granada, RJ-116 (Rodovia Presidente João Goulart), 22º35´´21""S - 42º39´´23""W, 22 msm."
"MONUMENTO NATURAL MUNICIPAL DA SERRA DO SOARINHO","Angiosperms","Convolvulaceae","Ipomoea","asarifolia","(Desr.) Roem. & Schult.","CONVOLVULACEAE Ipomoea asarifolia (Desr.) Roem. & Schult.","RFFP35572",,"RFFP","Damasceno, D.B.M.","310","Native","2023","Machado, D.N.S.","2023","Prata","Ouro",,"Cachoeiras de Macacu","Brasil, Estado do Rio de Janeiro, Município de Cachoeiras de Macacu, Soarinho, Monumento Natural Municipal da Serra do Soarinho, Núcleo Granada, Estrada do Soarinho 22º36´´19""S - 42º44´´07""W, 20 msm."
"MONUMENTO NATURAL MUNICIPAL DA SERRA DO SOARINHO","Angiosperms","Convolvulaceae","Ipomoea","cairica","(L.) Sweet","CONVOLVULACEAE Ipomoea cairica (L.) Sweet","RFFP35334",,"RFFP","Damasceno, D.B.M.","216","Native","2023","Machado, D.N.S.","2023","Prata","Ouro",,"Cachoeiras de Macacu","Soarinho, Monumento Natural Municipal da Serra do Soarinho, Núcleo Granada, Estrada do Soarinho, 22º36´´28""S - 42º44´´00""W, 22 msm."
"MONUMENTO NATURAL MUNICIPAL DA SERRA DO SOARINHO","Angiosperms","Convolvulaceae","Ipomoea","ramosissima","(Poir.) Choisy","CONVOLVULACEAE Ipomoea ramosissima (Poir.) Choisy","RFFP35568",,"RFFP","Damasceno, D.B.M.","302","Native","2023","Machado, D.N.S.","2023","Prata","Ouro",,"Cachoeiras de Macacu","Brasil, Estado do Rio de Janeiro, Município de Cachoeiras de Macacu, Soarinho, Monumento Natural Municipal da Serra do Soarinho, Núcleo Soarinho, 22º37´´27""S - 42º40´´53""W, 303 msm."
"MONUMENTO NATURAL MUNICIPAL DA SERRA DO SOARINHO","Angiosperms","Convolvulaceae","Ipomoea","tiliacea","(Willd.) Choisy","CONVOLVULACEAE Ipomoea tiliacea (Willd.) Choisy","RFFP35662",,"RFFP","Damasceno, D.B.M.","429","Native","2023","Machado, D.N.S.","2023","Prata","Ouro",,"Cachoeiras de Macacu","Brasil, Estado do Rio de Janeiro, Município de Cachoeiras de Macacu, Soarinho, Monumento Natural Municipal da Serra do Soarinho, Núcleo Soarinho, 22º40´´26""S - 42°42´´43""W, 91 msm."
"MONUMENTO NATURAL MUNICIPAL DA SERRA DO SOARINHO","Angiosperms","Cucurbitaceae","Fevillea","trilobata","L.","CUCURBITACEAE Fevillea trilobata L.","RFFP35714",,"RFFP","Damasceno, D.B.M.","513","Native","2023","Machado, D.N.S.","2023","Prata","Ouro",,"Cachoeiras de Macacu","Brasil, Estado do Rio de Janeiro, Município de Cachoeiras de Macacu, Soarinho, Monumento Natural Municipal da Serra do Soarinho, Núcleo Bertholdo, margem da Rodovia RJ 126, próximo ao acesso para Patis, 22º35´´35""S - 42°35´´59""W, 65 msm."
"MONUMENTO NATURAL MUNICIPAL DA SERRA DO SOARINHO","Angiosperms","Cucurbitaceae","Momordica","charantia","L.","CUCURBITACEAE Momordica charantia L.","RFFP35517",,"RFFP","Damasceno, D.B.M.","224","Native","2023","Machado, D.N.S.","2023","Prata","Ouro",,"Cachoeiras de Macacu","Brasil, Estado do Rio de Janeiro, Município de Cachoeiras de Macacu, Soarinho, Monumento Natural Municipal da Serra do Soarinho, Núcleo Granada, RJ-116 (Rodovia Presidente João Goulart), 22º35´´21""S - 42º39´´23""W, 22 msm."
"MONUMENTO NATURAL MUNICIPAL DA SERRA DO SOARINHO","Angiosperms","Cucurbitaceae","Wilbrandia","verticillata","(Vell.) Cogn.","CUCURBITACEAE Wilbrandia verticillata (Vell.) Cogn.","RFFP35629",,"RFFP","Damasceno, D.B.M.","383","Native","2023","Machado, D.N.S.","2023","Prata","Ouro",,"Cachoeiras de Macacu","Brasil, Estado do Rio de Janeiro, Município de Cachoeiras de Macacu, Soarinho, Monumento Natural Municipal da Serra do Soarinho, Núcleo Soarinho, 22º36´´24""S - 42º41´´38""W, 321 msm."
"MONUMENTO NATURAL MUNICIPAL DA SERRA DO SOARINHO","Angiosperms","Dilleniaceae","Davilla","rugosa","Poir.","DILLENIACEAE Davilla rugosa Poir.","RFFP35523",,"RFFP","Damasceno, D.B.M.","234","Native","2023","Machado, D.N.S.","2023","Prata","Ouro",,"Cachoeiras de Macacu","Brasil, Estado do Rio de Janeiro, Município de Cachoeiras de Macacu, Soarinho, Monumento Natural Municipal da Serra do Soarinho, Núcleo Soarinho, 22º36´´45""S - 42º40´´38""W, 169 msm."
"MONUMENTO NATURAL MUNICIPAL DA SERRA DO SOARINHO","Angiosperms","Euphorbiaceae","Dalechampia","brasiliensis","Lam.","EUPHORBIACEAE Dalechampia brasiliensis Lam.","RFFP35626",,"RFFP","Damasceno, D.B.M.","379","Native","2023","Machado, D.N.S.","2023","Prata","Ouro",,"Cachoeiras de Macacu","Brasil, Estado do Rio de Janeiro, Município de Cachoeiras de Macacu, Soarinho, Monumento Natural Municipal da Serra do Soarinho, Núcleo Cavada, margem da Rodovia RJ 116, próximo a Subestação ENEL Papucaia, 22º34´´41""S - 42º42´´50""W, 32 msm."
"MONUMENTO NATURAL MUNICIPAL DA SERRA DO SOARINHO","Angiosperms","Euphorbiaceae","Dalechampia","convolvuloides","Lam.","EUPHORBIACEAE Dalechampia convolvuloides Lam.","RFFP35648",,"RFFP","Damasceno, D.B.M.","413","Native","2023","Machado, D.N.S.","2023","Prata","Ouro",,"Cachoeiras de Macacu","Brasil, Estado do Rio de Janeiro, Município de Cachoeiras de Macacu, Soarinho, Monumento Natural Municipal da Serra do Soarinho, Núcleo Soarinho, 22°37´´00""S, 42°41´´01""W, 185 msm."
"MONUMENTO NATURAL MUNICIPAL DA SERRA DO SOARINHO","Angiosperms","Euphorbiaceae","Romanoa","tamnoides","(A.Juss.) Radcl.-Sm.","EUPHORBIACEAE Romanoa tamnoides (A.Juss.) Radcl.-Sm.","RFFP35589",,"RFFP","Damasceno, D.B.M.","331","Native","2023","Machado, D.N.S.","2023","Prata","Ouro",,"Cachoeiras de Macacu","Brasil, Estado do Rio de Janeiro, Município de Cachoeiras de Macacu, Soarinho, Monumento Natural Municipal da Serra do Soarinho, Núcleo Soarinho, Estrada do Soarinho, 22º37´´05""S - 42º40´´42""W, 223 msm."
"MONUMENTO NATURAL MUNICIPAL DA SERRA DO SOARINHO","Angiosperms","Fabaceae","Andira","fraxinifolia","Benth.","FABACEAE Andira fraxinifolia Benth.","RFFP35623",,"RFFP","Damasceno, D.B.M.","374","Native","2023","Machado, D.N.S.","2023","Prata","Ouro",,"Cachoeiras de Macacu","Brasil, Estado do Rio de Janeiro, Município de Cachoeiras de Macacu, Soarinho, Monumento Natural Municipal da Serra do Soarinho, Núcleo Cavada, 22º34´´38""S - 42º41´´22""W, 96 msm."
"MONUMENTO NATURAL MUNICIPAL DA SERRA DO SOARINHO","Angiosperms","Fabaceae","Centrosema","brasilianum","(L.) Benth.","FABACEAE Centrosema brasilianum (L.) Benth.","RFFP35660",,"RFFP","Damasceno, D.B.M.","426","Native","2023","Machado, D.N.S.","2023","Prata","Ouro",,"Cachoeiras de Macacu","Brasil, Estado do Rio de Janeiro, Município de Cachoeiras de Macacu, Soarinho, Monumento Natural Municipal da Serra do Soarinho, Núcleo Soarinho, 22º40´´42""S - 42°41´´24""W, 73 msm."
"MONUMENTO NATURAL MUNICIPAL DA SERRA DO SOARINHO","Angiosperms","Fabaceae","Centrosema","sagittatum","(Humb. & Bonpl. ex Willd.) Brandegee","FABACEAE Centrosema sagittatum (Humb. & Bonpl. ex Willd.) Brandegee","RFFP35590",,"RFFP","Damasceno, D.B.M.","332","Native","2023","Machado, D.N.S.","2023","Prata","Ouro",,"Cachoeiras de Macacu","Brasil, Estado do Rio de Janeiro, Município de Cachoeiras de Macacu, Soarinho, Monumento Natural Municipal, da Serra do Soarinho, Núcleo Cavada, 22º35´´19""S - 42º39´´30""W, 332 msm."
"MONUMENTO NATURAL MUNICIPAL DA SERRA DO SOARINHO","Angiosperms","Fabaceae","Cleobulia","coccinea","(Vell.) L.P.Queiroz","FABACEAE Cleobulia coccinea (Vell.) L.P.Queiroz","RFFP35520",,"RFFP","Damasceno, D.B.M.","229","Native","2023","Machado, D.N.S.","2023","Prata","Ouro",,"Cachoeiras de Macacu","Brasil, Estado do Rio de Janeiro, Município de Cachoeiras de Macacu, Soarinho, Monumento Natural Municipal da Serra do Soarinho, Núcleo Soarinho, Estrada do Soarinho, 22º36´´49""S - 42º40´´32""W, 204 msm."
"MONUMENTO NATURAL MUNICIPAL DA SERRA DO SOARINHO","Angiosperms","Fabaceae","Cratylia","isopetala","(Lam.) L.P.Queiroz","FABACEAE Cratylia isopetala (Lam.) L.P.Queiroz","RFFP35582",,"RFFP","Damasceno, D.B.M.","324","Native","2023","Machado, D.N.S.","2023","Prata","Ouro",,"Cachoeiras de Macacu","Brasil, Estado do Rio de Janeiro, Município de Cachoeiras de Macacu, Soarinho, Monumento Natural Municipal da Serra do Soarinho, Núcleo Cavada, 22º34´´53""S - 42º40´´36""W, 192 msm."
"MONUMENTO NATURAL MUNICIPAL DA SERRA DO SOARINHO","Angiosperms","Fabaceae","Dahlstedtia","pinnata","(Benth.) Malme","FABACEAE Dahlstedtia pinnata (Benth.) Malme","RFFP35603",,"RFFP","Damasceno, D.B.M.","350","Native","2023","Machado, D.N.S.","2023","Prata","Ouro",,"Cachoeiras de Macacu","Brasil, Estado do Rio de Janeiro, Município de Cachoeiras de Macacu, Soarinho, Monumento Natural Municipal da Serra do Soarinho, Núcleo Soarinho, 22º36´´49""S - 42º40´´39""W, 199 msm."
"MONUMENTO NATURAL MUNICIPAL DA SERRA DO SOARINHO","Angiosperms","Fabaceae","Macropsychanthus","schottii","(Benth.) L.P.Queiroz & Snak","FABACEAE Macropsychanthus schottii (Benth.) L.P.Queiroz & Snak","RFFP35632",,"RFFP","Damasceno, D.B.M.","389","Native","2023","Machado, D.N.S.","2023","Prata","Ouro",,"Cachoeiras de Macacu","Brasil, Estado do Rio de Janeiro, Município de Cachoeiras de Macacu, Soarinho, Monumento Natural Municipal da Serra do Soarinho, Núcleo Bertholdo, confluência da Estrada de Papucainha com a trilha para a Serra do Bertholdo, 22º35´´42""S - 42º38´´16""W, 313 msm."
"MONUMENTO NATURAL MUNICIPAL DA SERRA DO SOARINHO","Angiosperms","Fabaceae","Macroptilium","atropurpureum","(Sessé & Moc. ex DC.) Urb.","FABACEAE Macroptilium atropurpureum (Sessé & Moc. ex DC.) Urb.","RFFP35619",,"RFFP","Damasceno, D.B.M.","370","Native","2023","Machado, D.N.S.","2023","Prata","Ouro",,"Cachoeiras de Macacu","Brasil, Estado do Rio de Janeiro, Município de Cachoeiras de Macacu, Soarinho, Monumento Natural Municipal da Serra do Soarinho, Núcleo Cavada, margem da Rodovia RJ 116, próximo a Subestação ENEL Papucaia, 22º35´´01""S - 42º43´´12""W, 21 msm."
"MONUMENTO NATURAL MUNICIPAL DA SERRA DO SOARINHO","Angiosperms","Fabaceae","Mimosa","candollei","R.Grether","FABACEAE Mimosa candollei R.Grether","RFFP35656",,"RFFP","Damasceno, D.B.M.","421","Native","2023","Machado, D.N.S.","2023","Prata","Ouro",,"Cachoeiras de Macacu","Brasil, Estado do Rio de Janeiro, Município de Cachoeiras de Macacu, Soarinho, Monumento Natural Municipal da Serra do Soarinho, Núcleo Soarinho, 22°37´´21""S - 42°40´´19""W, 229 msm."
"MONUMENTO NATURAL MUNICIPAL DA SERRA DO SOARINHO","Angiosperms","Fabaceae","Mucuna","pruriens","(L.) DC.","FABACEAE Mucuna pruriens (L.) DC.","RFFP35591",,"RFFP","Damasceno, D.B.M.","333","Native","2023","Machado, D.N.S.","2023","Prata","Ouro",,"Cachoeiras de Macacu","Brasil, Estado do Rio de Janeiro, Município de Cachoeiras de Macacu, Soarinho, Monumento Natural Municipal, da Serra do Soarinho, Núcleo Cavada, 22º34´´28""S - 42º41´´36""W, 55 msm."
"MONUMENTO NATURAL MUNICIPAL DA SERRA DO SOARINHO","Angiosperms","Fabaceae","Plathymenia","reticulata","Benth.","FABACEAE Plathymenia reticulata Benth.","RFFP35096",,"RFFP","Damasceno, D.B.M.","208","Native","2023","Machado, D.N.S.","2023","Prata","Ouro",,"Cachoeiras de Macacu","Soarinho, Monumento Natural Municipal da Serra do Soarinho, Núcleo Cavada, 22º35´´21""S - 42º39´´23""W, 315 msm."
"MONUMENTO NATURAL MUNICIPAL DA SERRA DO SOARINHO","Angiosperms","Fabaceae","Rhynchosia","phaseoloides","(Sw.) DC.","FABACEAE Rhynchosia phaseoloides (Sw.) DC.","RFFP35646",,"RFFP","Damasceno, D.B.M.","409","Native","2023","Machado, D.N.S.","2023","Prata","Ouro",,"Cachoeiras de Macacu","Brasil, Estado do Rio de Janeiro, Município de Cachoeiras de Macacu, Soarinho, Monumento Natural Municipal da Serra do Soarinho, Núcleo Soarinho, 22º37´´09""S - 42º41´´29""W, 115 msm. Monumento Natural da Serra do Soarinho"
"MONUMENTO NATURAL MUNICIPAL DA SERRA DO SOARINHO","Angiosperms","Fabaceae","Swartzia","flaemingii","Raddi","FABACEAE Swartzia flaemingii Raddi","RFFP35090",,"RFFP","Damasceno, D.B.M.","201","Native","2023","Machado, D.N.S.","2023","Prata","Ouro",,"Cachoeiras de Macacu","Soarinho, Monumento Natural Municipal da Serra do Soarinho, Núcleo Cavada, 22º34´´26""S - 42º41´´37""W, 50 msm."
"MONUMENTO NATURAL MUNICIPAL DA SERRA DO SOARINHO","Angiosperms","Heliotropiaceae","Heliotropium","funkiae","Feuillet","HELIOTROPIACEAE Heliotropium funkiae Feuillet","RFFP35596",,"RFFP","Damasceno, D.B.M.","341","Native","2023","Machado, D.N.S.","2023","Prata","Ouro",,"Cachoeiras de Macacu","Brasil, Estado do Rio de Janeiro, Município de Cachoeiras de Macacu, Soarinho, Monumento Natural Municipal da Serra do Soarinho, Núcleo Soarinho, 22º35´´28""S - 42º41´´28""W, 595 msm. Monumento Natural da Serra do Soarinho"
"MONUMENTO NATURAL MUNICIPAL DA SERRA DO SOARINHO","Angiosperms","Heliotropiaceae","Myriopus","villosus","(Salzm. ex DC.) J.I.M.Melo","HELIOTROPIACEAE Myriopus villosus (Salzm. ex DC.) J.I.M.Melo","RFFP35528",,"RFFP","Damasceno, D.B.M.","242","Native","2023","Machado, D.N.S.","2023","Prata","Ouro",,"Cachoeiras de Macacu","Brasil, Estado do Rio de Janeiro, Município de Cachoeiras de Macacu, Soarinho, Monumento Natural Municipal da Serra do Soarinho, Núcleo Soarinho, 22º36´´28""S - 42º41´´24""W, 335 msm. Monumento Natural da Serra do Soarinho"
"MONUMENTO NATURAL MUNICIPAL DA SERRA DO SOARINHO","Ferns and Lycophytes","Lamiaceae","Aegiphila","vitelliniflora","Walp.","LAMIACEAE Aegiphila vitelliniflora Walp.","RFFP35549",,"RFFP","Damasceno, D.B.M.","274","Native","2023","Machado, D.N.S.","2023","Prata","Ouro",,"Cachoeiras de Macacu","Brasil, Estado do Rio de Janeiro, Município de Cachoeiras Soarinho, Monumento Natural Municipal da Serra do Soarinho, Núcleo Cavada, 22º35´´19""S - 42º39´´30""W, 332 msm."
"MONUMENTO NATURAL MUNICIPAL DA SERRA DO SOARINHO","Angiosperms","Malpighiaceae","Bunchosia","maritima","(Vell.) J.F.Macbr.","MALPIGHIACEAE Bunchosia maritima (Vell.) J.F.Macbr.","RFFP35687",,"RFFP","Damasceno, D.B.M.","472","Native","2023","Machado, D.N.S.","2023","Prata","Ouro",,"Cachoeiras de Macacu","Brasil, Estado do Rio de Janeiro, Município de Cachoeiras de Macacu, Soarinho, Monumento Natural Municipal da Serra do Soarinho, Núcleo Soarinho, 22º35´´31""S - 42º41´´07""W, 589 msm."
"MONUMENTO NATURAL MUNICIPAL DA SERRA DO SOARINHO","Angiosperms","Marcgraviaceae","Marcgravia","polyantha","Delpino","MARCGRAVIACEAE Marcgravia polyantha Delpino","RFFP35679",,"RFFP","Damasceno, D.B.M.","459","Native","2023","Machado, D.N.S.","2023","Prata","Ouro",,"Cachoeiras de Macacu","Brasil, Estado do Rio de Janeiro, Município de Cachoeiras de Macacu, Soarinho, Monumento Natural Municipal da Serra do Soarinho, Núcleo Soarinho, área alagada na parte montana, 22º35´´34""S - 42º41´´03""W, 596 msm."
"MONUMENTO NATURAL MUNICIPAL DA SERRA DO SOARINHO","Angiosperms","Melastomataceae","Leandra","melastomoides","Raddi","MELASTOMATACEAE Leandra melastomoides Raddi","RFFP34936",,"RFFP","Damasceno, D.B.M.","193","Native","2023","Machado, D.N.S.","2023","Prata","Ouro",,"Cachoeiras de Macacu","Soarinho, Monumento Natural Municipal da Serra do Soarinho, Núcleo Cavada, 22º35´´21""S - 42º39´´23""W, 315 msm."
"MONUMENTO NATURAL MUNICIPAL DA SERRA DO SOARINHO","Angiosperms","Melastomataceae","Miconia","latecrenata","(DC.) Naudin","MELASTOMATACEAE Miconia latecrenata (DC.) Naudin","RFFP34935",,"RFFP","Damasceno, D.B.M.","192","Native","2023","Machado, D.N.S.","2023","Prata","Ouro",,"Cachoeiras de Macacu","Soarinho, Monumento Natural Municipal da Serra do Soarinho, Núcleo Cavada, 22º35´´21""S - 42º39´´23""W, 315 msm."
"MONUMENTO NATURAL MUNICIPAL DA SERRA DO SOARINHO","Angiosperms","Moraceae","Ficus","arpazusa","Casar.","MORACEAE Ficus arpazusa Casar.","RFFP35533",,"RFFP","Damasceno, D.B.M.","248","Native","2023","Machado, D.N.S.","2023","Prata","Ouro",,"Cachoeiras de Macacu","Brasil, Estado do Rio de Janeiro, Município de Cachoeiras de Macacu, Soarinho, Monumento Natural Municipal da Serra do Soarinho, Núcleo Soarinho, 22º36´´28""S - 42º41´´24""W, 335 msm."
"MONUMENTO NATURAL MUNICIPAL DA SERRA DO SOARINHO","Angiosperms","Peraceae","Pera","heteranthera","(Schrank) I.M.Johnst.","PERACEAE Pera heteranthera (Schrank) I.M.Johnst.","RFFP35621",,"RFFP","Damasceno, D.B.M.","372","Native","2023","Machado, D.N.S.","2023","Prata","Ouro",,"Cachoeiras de Macacu","Brasil, Estado do Rio de Janeiro, Município de Cachoeiras de Macacu, Soarinho, Monumento Natural Municipal da Serra do Soarinho, Núcleo Cavada, margem da Rodovia RJ 116, 22º34´´31""S - 42º41´´35""W, 35 msm."
"MONUMENTO NATURAL MUNICIPAL DA SERRA DO SOARINHO","Angiosperms","Polygalaceae","Securidaca","diversifolia","(L.) S.F.Blake","POLYGALACEAE Securidaca diversifolia (L.) S.F.Blake","RFFP35651",,"RFFP","Damasceno, D.B.M.","416","Native","2023","Machado, D.N.S.","2023","Prata","Ouro",,"Cachoeiras de Macacu","Brasil, Estado do Rio de Janeiro, Município de Cachoeiras de Macacu, Soarinho, Monumento Natural Municipal da Serra do Soarinho, Núcleo Soarinho, 22°37´´26""S, 42°40´´32""W, 235 msm."
"MONUMENTO NATURAL MUNICIPAL DA SERRA DO SOARINHO","Angiosperms","Rhamnaceae","Gouania","blanchetiana","Miq.","RHAMNACEAE Gouania blanchetiana Miq.","RFFP35564",,"RFFP","Damasceno, D.B.M.","296","Native","2023","Machado, D.N.S.","2023","Prata","Ouro",,"Cachoeiras de Macacu","Brasil, Estado do Rio de Janeiro, Município de Cachoeiras de Macacu, Soainho, Monumento Natural Municipal da Serra do Soarinho, Núcleo Granada, RJ-116 (Rodovia Presidente João Goulart), km 16, 22º37´´55""S - 42º43´´24""W, 30 msm."
"MONUMENTO NATURAL MUNICIPAL DA SERRA DO SOARINHO","Angiosperms","Rosaceae","Rubus","rosifolius","Sm.","ROSACEAE Rubus rosifolius Sm.","RFFP35550",,"RFFP","Damasceno, D.B.M.","277","Native","2023","Machado, D.N.S.","2023","Prata","Ouro",,"Cachoeiras de Macacu","Brasil, Estado do Rio de Janeiro, Município de Cachoeiras de Macacu, Soarinho, Monumento Natural Municipal da Serra do Soarinho, Núcleo Cavada, 22º35´´34""S - 42º39´´05""W, 227 msm."
"MONUMENTO NATURAL MUNICIPAL DA SERRA DO SOARINHO","Angiosperms","Rubiaceae","Chiococca","alba","(L.) Hitchc.","RUBIACEAE Chiococca alba (L.) Hitchc.","RFFP35716",,"RFFP","Damasceno, D.B.M.","519","Native","2023","Machado, D.N.S.","2023","Prata","Ouro",,"Cachoeiras de Macacu","Brasil, Estado do Rio de Janeiro, Município de Cachoeiras de Macacu, Soarinho, Monumento Natural Municipal da Serra do Soarinho, Núcleo Bertholdo, margem da Rodovia RJ 126, próximo ao acesso para Patis, 22º34´´06""S - 42°39´´03""W, 108 msm."
"MONUMENTO NATURAL MUNICIPAL DA SERRA DO SOARINHO","Angiosperms","Rubiaceae","Faramea","multiflora","A.Rich. in DC.","RUBIACEAE Faramea multiflora A.Rich. in DC.","RFFP35695",,"RFFP","Damasceno, D.B.M.","486","Native","2023","Machado, D.N.S.","2023","Prata","Ouro",,"Cachoeiras de Macacu","Brasil, Estado do Rio de Janeiro, Município de Cachoeiras de Macacu, Soarinho, Monumento Natural Municipal da Serra do Soarinho, Núcleo Soarinho, 22°37´´57""S, 42°39´´24""W, 241 msm."
"MONUMENTO NATURAL MUNICIPAL DA SERRA DO SOARINHO","Angiosperms","Rubiaceae","Manettia","mitis","(Vell.) K.Schum.","RUBIACEAE Manettia mitis (Vell.) K.Schum.","RFFP35525",,"RFFP","Damasceno, D.B.M.","237","Native","2023","Machado, D.N.S.","2023","Prata","Ouro",,"Cachoeiras de Macacu","Brasil, Estado do Rio de Janeiro, Município de Cachoeiras de Macacu, Soarinho, Monumento Natural Municipal da Serra do Soarinho, Núcleo Soarinho, 22º36´´28""S - 42º41´´24""W, 335 msm."
"MONUMENTO NATURAL MUNICIPAL DA SERRA DO SOARINHO","Angiosperms","Rubiaceae","Psychotria","pallens","Gardner","RUBIACEAE Psychotria pallens Gardner","RFFP34937",,"RFFP","Damasceno, D.B.M.","194","Native","2023","Machado, D.N.S.","2023","Prata","Ouro",,"Cachoeiras de Macacu","Soarinho, Monumento Natural Municipal da Serra do Soarinho, Núcleo Cavada, 22º35´´21""S - 42º39´´23""W, 315 msm."
"MONUMENTO NATURAL MUNICIPAL DA SERRA DO SOARINHO","Angiosperms","Rubiaceae","Sabicea","aspera","Aubl.","RUBIACEAE Sabicea aspera Aubl.","RFFP35634",,"RFFP","Damasceno, D.B.M.","392","Native","2023","Machado, D.N.S.","2023","Prata","Ouro",,"Cachoeiras de Macacu","Brasil, Estado do Rio de Janeiro, Município de Cachoeiras de Macacu, Soarinho, Monumento Natural Municipal da Serra do Soarinho, Núcleo Bertholdo, confluência da Estrada de Papucainha com a trilha para a Serra do Bertholdo, 22º35´´42""S - 42º38´´16""W, 313 msm."
"MONUMENTO NATURAL MUNICIPAL DA SERRA DO SOARINHO","Angiosperms","Salicaceae","Casearia","oblongifolia","Cambess.","SALICACEAE Casearia oblongifolia Cambess.","RFFP35719",,"RFFP","Damasceno, D.B.M.","524","Native","2023","Machado, D.N.S.","2023","Prata","Ouro",,"Cachoeiras de Macacu","Brasil, Estado do Rio de Janeiro, Município de Cachoeiras de Macacu, Soarinho, Monumento Natural Municipal da Serra do Soarinho, Núcleo Bertholdo, margem da Rodovia RJ 126, 22º34´´22""S - 42°37´´51""W, 371 msm."
"MONUMENTO NATURAL MUNICIPAL DA SERRA DO SOARINHO","Angiosperms","Sapindaceae","Paullinia","pseudota","Radlk.","SAPINDACEAE Paullinia pseudota Radlk.","RFFP35604",,"RFFP","Damasceno, D.B.M.","351","Native","2023","Machado, D.N.S.","2023","Prata","Ouro",,"Cachoeiras de Macacu","Brasil, Estado do Rio de Janeiro, Município de Cachoeiras de Macacu, Soarinho, Monumento Natural Municipal da Serra do Soarinho, Núcleo Soarinho, 22º35´´43""S - 42º41´´35""W, 539 msm."
"MONUMENTO NATURAL MUNICIPAL DA SERRA DO SOARINHO","Angiosperms","Sapindaceae","Serjania","communis","Cambess.","SAPINDACEAE Serjania communis Cambess.","RFFP35093",,"RFFP","Damasceno, D.B.M.","204","Native","2023","Machado, D.N.S.","2023","Prata","Ouro",,"Cachoeiras de Macacu","Soarinho, Monumento Natural Municipal da Serra do Soarinho, Núcleo Cavada, 22º35´´21""S - 42º39´´23""W, 315 msm."
"MONUMENTO NATURAL MUNICIPAL DA SERRA DO SOARINHO","Angiosperms","Sapindaceae","Urvillea","rufescens","Cambess.","SAPINDACEAE Urvillea rufescens Cambess.","RFFP35622",,"RFFP","Damasceno, D.B.M.","373","Native","2023","Machado, D.N.S.","2023","Prata","Ouro",,"Cachoeiras de Macacu","Brasil, Estado do Rio de Janeiro, Município de Cachoeiras de Macacu, Soarinho, Monumento Natural Municipal da Serra do Soarinho, Núcleo Cavada, margem da Rodovia RJ 116, após a Subestação ENEL Papucaia, 22º35´´11""S - 42º42´´59""W, 23 msm."
"MONUMENTO NATURAL MUNICIPAL DA SERRA DO SOARINHO","Angiosperms","Siparunaceae","Siparuna","brasiliensis","(Spreng.) A.DC.","SIPARUNACEAE Siparuna brasiliensis (Spreng.) A.DC.","RFFP34938",,"RFFP","Damasceno, D.B.M.","195","Native","2023","Machado, D.N.S.","2023","Prata","Ouro",,"Cachoeiras de Macacu","Soarinho, Monumento Natural Municipal da Serra do Soarinho, Núcleo Cavada, 22º35´´21""S - 42º39´´23""W, 315 msm."
"MONUMENTO NATURAL MUNICIPAL DA SERRA DO SOARINHO","Angiosperms","Solanaceae","Solanum","mauritianum","Scop.","SOLANACEAE Solanum mauritianum Scop.","RFFP35569",,"RFFP","Damasceno, D.B.M.","303","Native","2023","Machado, D.N.S.","2023","Prata","Ouro",,"Cachoeiras de Macacu","Brasil, Estado do Rio de Janeiro, Município de Cachoeiras de Macacu, Soarinho, Monumento Natural Municipal da Serra do Soarinho, Núcleo Soarinho, 22º37´´27""S - 42º40´´53""W, 303 msm."
"MONUMENTO NATURAL MUNICIPAL DA SERRA DO SOARINHO","Angiosperms","Trigoniaceae","Trigonia","eriosperma","(Lam.) Fromm & Santos","TRIGONIACEAE Trigonia eriosperma (Lam.) Fromm & Santos","RFFP35659",,"RFFP","Damasceno, D.B.M.","425","Native","2023","Machado, D.N.S.","2023","Prata","Ouro",,"Cachoeiras de Macacu","Brasil, Estado do Rio de Janeiro, Município de Cachoeiras de Macacu, Soarinho, Monumento Natural Municipal da Serra do Soarinho, Núcleo Granada, 22º39´´36""S – 42º42´´51""W, 131 msm."
"MONUMENTO NATURAL MUNICIPAL DA SERRA DO SOARINHO","Angiosperms","Trigoniaceae","Trigonia","nivea","Cambess.","TRIGONIACEAE Trigonia nivea var. nivea Cambess.","RFFP35577",,"RFFP","Damasceno, D.B.M.","318","Native","2023","Machado, D.N.S.","2023","Prata","Ouro",,"Cachoeiras de Macacu","Brasil, Estado do Rio de Janeiro, Município de Cachoeiras de Macacu, Soarinho, Monumento Natural Municipal da Serra do Soarinho, Núcleo Cavada, 22º34´´28""S - 42º41´´36""W, 55 msm."
"MONUMENTO NATURAL MUNICIPAL DA SERRA DO SOARINHO","Angiosperms","Trigoniaceae","Trigonia","villosa","Aubl.","TRIGONIACEAE Trigonia villosa Aubl.","RFFP35644",,"RFFP","Damasceno, D.B.M.","407","Native","2023","Machado, D.N.S.","2023","Prata","Ouro",,"Cachoeiras de Macacu","Brasil, Estado do Rio de Janeiro, Município de Cachoeiras de Macacu, Soarinho, Monumento Natural Municipal da Serra do Soarinho, Núcleo Soarinho, área da Janela do Céu, 22°37´´00""S, 42°41´´01""W, 185 msm."
"MONUMENTO NATURAL MUNICIPAL DA SERRA DO SOARINHO","Angiosperms","Violaceae","Amphirrhox","longifolia","(A.St.-Hil.) Spreng.","VIOLACEAE Amphirrhox longifolia (A.St.-Hil.) Spreng.","RFFP35600",,"RFFP","Damasceno, D.B.M.","347","Native","2023","Machado, D.N.S.","2023","Prata","Ouro",,"Cachoeiras de Macacu","Brasil, Estado do Rio de Janeiro, Município de Cachoeiras de Macacu, Soarinho, Monumento Natural Municipal da Serra do Soarinho, Núcleo Soarinho, 22º35´´31""S - 42º41´´07""W, 589 msm."
"MONUMENTO NATURAL MUNICIPAL DA SERRA DO SOARINHO","Angiosperms","Vitaceae","Cissus","serroniana","(Glaz.) Lombardi","VITACEAE Cissus serroniana (Glaz.) Lombardi","RFFP35710",,"RFFP","Damasceno, D.B.M.","507","Native","2023","Machado, D.N.S.","2023","Prata","Ouro",,"Cachoeiras de Macacu","Brasil, Estado do Rio de Janeiro, Município de Cachoeiras de Macacu, Soarinho, Monumento Natural Municipal da Serra do Soarinho, Núcleo Bertholdo, margem da Rodovia RJ 126, próximo a entrada da Cachoeira do Jordão, 22º34´´06""S - 42°39´´03""W, 108 msm."
"MONUMENTO NATURAL MUNICIPAL DA SERRA DO SOARINHO","Angiosperms","Vitaceae","Cissus","sulcicaulis","(Baker) Planch.","VITACEAE Cissus sulcicaulis (Baker) Planch.","RFFP35676",,"RFFP","Damasceno, D.B.M.","453","Native","2023","Machado, D.N.S.","2023","Prata","Ouro",,"Cachoeiras de Macacu","Brasil, Estado do Rio de Janeiro, Município de Cachoeiras de Macacu, Soarinho, Monumento Natural Municipal da Serra do Soarinho, Núcleo Soarinho, área da bifurcação, 22º36´´16""S - 42º39´´37""W, 221 msm."
"MONUMENTO NATURAL MUNICIPAL DA SERRA DO SOARINHO","Angiosperms","Asteraceae","Piptocarpha","axillaris","(Less.) Baker","ASTERACEAE Piptocarpha axillaris (Less.) Baker","RBR00045970",,"RBR","Cruz, T.M.S.","s/n","Native","2015","Gomes, M.","2018","Bronze","Ouro","jbrj-public-img.s3-sa-east-1.amazonaws.com/JPG/rbr/rbr/0/4/59/70/rbr00045970.jpg","Cachoeiras de Macacu","Floresta em estágio inicial de sucessão, terço médio a superior da encosta. MONA Municipal da Serra do Soarinho"
"MONUMENTO NATURAL MUNICIPAL DA SERRA DO SOARINHO","Angiosperms","Bromeliaceae","Aechmea","nudicaulis","(L.) Griseb.","BROMELIACEAE Aechmea nudicaulis (L.) Griseb.","RFFP37363",,"RFFP","Damasceno, D.B.M.","1697","Native","2026","Moura, R.L.","2026","Bronze","Ouro",,"Cachoeiras de Macacu","Bertholdo, Monumento Natural Municipal da Serra do Soarinho, Núcleo Bertholdo, RJ 126, 22º33´40""S - 42º40´54""W, 31 msm."
"MONUMENTO NATURAL MUNICIPAL DA SERRA DO SOARINHO","Angiosperms","Bromeliaceae","Tillandsia","tricholepis","Baker","BROMELIACEAE Tillandsia tricholepis Baker","RFFP37338",,"RFFP","Damasceno, D.B.M.","1716","Native","2026","Moura, R.L.","2026","Bronze","Ouro",,"Cachoeiras de Macacu","Soarinho, Monumento Natural Municipal da Serra do Soarinho, Núcleo Bertholdo, margem da Rodovia RJ 126, 22º33´39""S - 42º39´32""W, 62 msm."
"MONUMENTO NATURAL MUNICIPAL DA SERRA DO SOARINHO","Angiosperms","Heliconiaceae","Heliconia","marginata","(Griggs) Pittier","HELICONIACEAE Heliconia marginata (Griggs) Pittier","RFFP37447",,"RFFP","Damasceno, D.B.M.","1692","Native","2026","Pontes, J.A.L.","2026","Bronze","Ouro",,"Cachoeiras de Macacu","Papucaia, Monumento Natural Municipal da Serra do Soarinho, Núcleo Cavada, trilha após a Subestação ENEL Papucaia, 22º35’11”S - 42º42’52”W, 45 msm."
"MONUMENTO NATURAL MUNICIPAL DA SERRA DO SOARINHO","Angiosperms","Melastomataceae","Ossaea","confertiflora","(DC.) Triana","MELASTOMATACEAE Ossaea confertiflora (DC.) Triana","RFFP37457",,"RFFP","Damasceno, D.B.M.","1704","Native","2026","Nunes, D.","2026","Bronze","Ouro",,"Cachoeiras de Macacu","Soarinho, Monumento Natural Municipal da Serra do Soarinho, Núcleo Bertholdo, margem da Rodovia RJ 126, 22º34’22”S - 42°37’51”W, 371 msm."
"MONUMENTO NATURAL MUNICIPAL DA SERRA DO SOARINHO","Angiosperms","Poaceae","Paspalum","millegrana","Schrad. ex Schult.","POACEAE Paspalum millegrana Schrad. ex Schult.","RFFP37467",,"RFFP","Damasceno, D.B.M.","1717","Native","2026","Machado, D.N.S.","2026","Bronze","Ouro",,"Cachoeiras de Macacu","Papucaia, Monumento Natural Municipal da Serra do Soarinho, Núcleo Cavada, trilha após a Subestação ENEL Papucaia, 22º35’11”S - 42º42’52”W, 45 msm."
"MONUMENTO NATURAL MUNICIPAL DA SERRA DO SOARINHO","Angiosperms","Thelypteridaceae","Meniscium","serratum","Cav.","THELYPTERIDACEAE Meniscium serratum Cav.","RFFP37450",,"RFFP","Damasceno, D.B.M.","1695","Native","2026","Santos, M.G.","2026","Bronze","Ouro",,"Cachoeiras de Macacu","Bertholdo, Monumento Natural Municipal da Serra do Soarinho, Núcleo Bertholdo, próximo à cachoeira do Jordão, 22º34’05”S - 42º39’08”W, 106 msm."
"MONUMENTO NATURAL MUNICIPAL DA SERRA DO SOARINHO","Angiosperms","Orchidaceae","Rodriguezia","bracteata","(Vell.) Hoehne","ORCHIDACEAE Rodriguezia bracteata (Vell.) Hoehne","RFFP37444",,"RFFP","Damasceno, D.B.M.","1688","Native","2026","Wangler, M.S.","2025","Bronze","Ouro",,"Cachoeiras de Macacu","Soarinho, Monumento Natural Municipal da Serra do Soarinho, Núcleo Soarinho, Estrada do Soarinho, área após a Igreja Evangélica, Cachoeira da Prainha, 22º36’15”S - 42º39’35”W, 219 msm."
"MONUMENTO NATURAL MUNICIPAL DA SERRA DO SOARINHO","Angiosperms","Amaryllidaceae","Hippeastrum","puniceum","(Lam.) Kuntze","AMARYLLIDACEAE Hippeastrum puniceum (Lam.) Kuntze","RFFP37065",,"RFFP","Damasceno, D.B.M.","1562","Native","2025","Machado, D.N.S.","2025","Bronze","Ouro",,"Cachoeiras de Macacu","Soarinho, Monumento Natural Municipal da Serra do Soarinho, Núcleo Cavada, acesso pelo Parque Terra Santa, trilha para a parte alta, 22º35’56”S - 42º40’39”W, 598 msm."
"MONUMENTO NATURAL MUNICIPAL DA SERRA DO SOARINHO","Angiosperms","Anemiaceae","Anemia","mandioccana","Raddi","ANEMIACEAE Anemia mandioccana Raddi","RFFP37253",,"RFFP","Damasceno, D.B.M.","1586","Native","2025","Santos, M.G.","2025","Bronze","Ouro",,"Cachoeiras de Macacu","Soarinho, Monumento Natural Municipal da Serra do Soarinho, Núcleo Soarinho, Estrada do Soarinho, área após a Igreja Evangélica, na curva da Myrtaceae, cachoeira da prainha, 22º36’15""S - 42º39’35""W, 219 msm."
"MONUMENTO NATURAL MUNICIPAL DA SERRA DO SOARINHO","Angiosperms","Apocynaceae","Peplonia","lagoensis","(E. Fourn.) Matozinhos","APOCYNACEAE Peplonia lagoensis (E. Fourn.) Matozinhos","RFFP37066",,"RFFP","Damasceno, D.B.M.","1563","Native","2025","Goes, M.B.","2025","Bronze","Ouro",,"Cachoeiras de Macacu","Soarinho, Monumento Natural Municipal da Serra do Soarinho, Núcleo Soarinho, trilha para a parte alta com acesso pelo Vale e o rio, 22º35’12”S - 42°41’15”W, 358 msm."
"MONUMENTO NATURAL MUNICIPAL DA SERRA DO SOARINHO","Angiosperms","Araceae","Asterostigma","lividum","(Lodd.) Engl.","ARACEAE Asterostigma lividum (Lodd.) Engl.","RFFP36433",,"RFFP","Damasceno, D.B.M.","1298","Native","2025","Dutra Junior, D.L.S.","2025","Bronze","Ouro",,"Cachoeiras de Macacu","Soarinho, Monumento Natural Municipal da Serra do Soarinho, Núcleo Soarinho, Cachoeira Janela do Céu, 22º36´´58""S - 42º40´´57""W, 162 msm."
"MONUMENTO NATURAL MUNICIPAL DA SERRA DO SOARINHO","Ferns and Lycophytes","Aspleniaceae","Asplenium","formosum","Willd.","ASPLENIACEAE Asplenium formosum Willd.","RFFP37235",,"RFFP","Damasceno, D.B.M.","1558","Native","2025","Santos, M.G.","2025","Bronze","Ouro",,"Cachoeiras de Macacu","Soarinho, Monumento Natural Municipal da Serra do Soarinho, Núcleo Soarinho, Vale do Rio Soarinho, acesso pela escolinha e a igreja, 22º36”33”S - 42º42’28”W, 254 msm."
"MONUMENTO NATURAL MUNICIPAL DA SERRA DO SOARINHO","Angiosperms","Bignoniaceae","Adenocalymma","bracteatum","(Cham.) DC.","BIGNONIACEAE Adenocalymma bracteatum (Cham.) DC.","RFFP36455",,"RFFP","Damasceno, D.B.M.","1201","Native","2025","Damasceno, D.B.M.","2025","Bronze","Ouro",,"Cachoeiras de Macacu","Gaviões, Monumento Natural Municipal da Serra do Soarinho, Núcleo Patis, margem do Rio São João, 22º35´´10""S - 42º34´´10""W, 77 msm."
"MONUMENTO NATURAL MUNICIPAL DA SERRA DO SOARINHO","Ferns and Lycophytes","Bignoniaceae","Adenocalymma","cymbalum","(Cham.) Bureau & K.Schum.","BIGNONIACEAE Adenocalymma cymbalum (Cham.) Bureau & K.Schum.","RFFP36456",,"RFFP","Damasceno, D.B.M.","1202",,"2025","Damasceno, D.B.M.","2025","Bronze","Ouro",,"Cachoeiras de Macacu","Gaviões, Monumento Natural Municipal da Serra do Soarinho, Núcleo Patis, margem do Rio São João, 22º35´´10""S - 42º34´´10""W, 77 msm."
"MONUMENTO NATURAL MUNICIPAL DA SERRA DO SOARINHO","Angiosperms","Bignoniaceae","Anemopaegma","citrinum","Mart. ex DC.","BIGNONIACEAE Anemopaegma citrinum Mart. ex DC.","RFFP37059",,"RFFP","Damasceno, D.B.M.","1542","Native","2025","Firetti-Leggieri, F.","2025","Bronze","Ouro",,"Cachoeiras de Macacu","Soarinho, Monumento Natural Municipal da Serra do Soarinho, Núcleo Soarinho, Estrada do Soarinho, área após a Igreja Evangélica, na curva da Myrtaceae, cachoeira da prainha, 22º36’15""S - 42º39’35""W, 219 msm."
"MONUMENTO NATURAL MUNICIPAL DA SERRA DO SOARINHO","Angiosperms","Bignoniaceae","Cybistax","antisyphilitica","(Mart.) Mart.","BIGNONIACEAE Cybistax antisyphilitica (Mart.) Mart.","RFFP36485",,"RFFP","Damasceno, D.B.M.","1285","Native","2025","Damasceno, D.B.M.","2025","Bronze","Ouro",,"Cachoeiras de Macacu","Brasil, Estado do Rio de Janeiro, Município de Cachoeiras de Macacu, Cavada, Monumento Natural Municipal da Serra do Soarinho, Núcleo Cavada, trilha para o Rancho Alto, 22º35´´10""S, 42º40´´13""W, 439 msm."
"MONUMENTO NATURAL MUNICIPAL DA SERRA DO SOARINHO","Angiosperms","Bignoniaceae","Lundia","longa","(Vell.) DC.","BIGNONIACEAE Lundia longa (Vell.) DC.","RFFP37060",,"RFFP","Damasceno, D.B.M.","1543","Native","2025","Damasceno, D.B.M.","2025","Bronze","Ouro",,"Cachoeiras de Macacu","Soarinho, Monumento Natural Municipal da Serra do Soarinho, Núcleo Bertholdo, próximo a Cachoeira do Jordão, 22º34’05""S - 42º39’08""W, 106 msm."
"MONUMENTO NATURAL MUNICIPAL DA SERRA DO SOARINHO","Ferns and Lycophytes","Bignoniaceae","Stizophyllum","perforatum","(Cham.) Miers","BIGNONIACEAE Stizophyllum perforatum (Cham.) Miers","RFFP36463",,"RFFP","Damasceno, D.B.M.","1204","Native","2025","Damasceno, D.B.M.","2025","Bronze","Ouro",,"Cachoeiras de Macacu","Brasil, Estado do Rio de Janeiro, Divisa dos Municípios de Cachoeiras de Macacu e Silva Jardim, Gaviões, Monumento Natural Municipal da Serra do Soarinho, Núcleo Patis, margem do Rio São João, 22º35´´10""S - 42º34´´10""W, 77 msm."
"MONUMENTO NATURAL MUNICIPAL DA SERRA DO SOARINHO","Angiosperms","Bromeliaceae","Quesnelia","liboniana","(De Jongle) Mez","BROMELIACEAE Quesnelia liboniana (De Jongle) Mez","RFFP37077",,"RFFP","Damasceno, D.B.M.","1592","Native","2025","Moura, R.L.","2025","Bronze","Ouro",,"Cachoeiras de Macacu","Soarinho, Monumento Natural Municipal da Serra do Soarinho, Núcleo Soarinho, Estrada do Soarinho, área após a Igreja Evangélica, na curva da Myrtaceae, cachoeira da prainha, 22º36’15""S - 42º39’35""W, 219 msm."
"MONUMENTO NATURAL MUNICIPAL DA SERRA DO SOARINHO","Angiosperms","Combretaceae","Combretum","gracile","Schott","COMBRETACEAE Combretum gracile Schott","RFFP36488",,"RFFP","Damasceno, D.B.M.","861","Native","2025","Santos, R.L.","2025","Bronze","Ouro",,"Cachoeiras de Macacu","Brasil, Estado do Rio de Janeiro, Município de Cachoeiras de Macacu, Soarinho, Monumento Natural Municipal da Serra do Soarinho, Núcleo Soarinho, Cachoeira Janela do Céu, 22º36´´58""S - 42º40´´57""W, 162 msm. Monumento Natural da Serra do Soarinho"
"MONUMENTO NATURAL MUNICIPAL DA SERRA DO SOARINHO","Angiosperms","Convolvulaceae","Bonamia","agrostopolis","(Vell.) Hallier f.","CONVOLVULACEAE Bonamia agrostopolis (Vell.) Hallier f.","RFFP36484",,"RFFP","Damasceno, D.B.M.","872","Native","2025","Damasceno, D.B.M.","2025","Bronze","Ouro",,"Cachoeiras de Macacu","Derribada, Monumento Natural Municipal da Serra do Soarinho, Núcleo Granada, estrada para Rio Bonito, na vertente acima do Bar do Astério, 22º39´´53""S - 42º42´´22""W, 183 msm. Monumento Natural da Serra do Soarinho"
"MONUMENTO NATURAL MUNICIPAL DA SERRA DO SOARINHO","Angiosperms","Convolvulaceae","Ipomoea","saopaulista","O'Donell","CONVOLVULACEAE Ipomoea saopaulista O'Donell","RFFP36483",,"RFFP","Damasceno, D.B.M.","1280","Native","2025","Damasceno, D.B.M.","2025","Bronze","Ouro",,"Cachoeiras de Macacu","Brasil, Estado do Rio de Janeiro, Município de Cachoeiras de Macacu, Soarinho, Monumento Natural Municipal da Serra do Soarinho, Núcleo Soarinho, Vale do Rio Soarinho, acesso pela escolinha e a igreja, 22º36´´46""S - 42º42´´50""W, 191 msm."
"MONUMENTO NATURAL MUNICIPAL DA SERRA DO SOARINHO","Angiosperms","Cyperaceae","Scleria","secans","(L.) Urb.","CYPERACEAE Scleria secans (L.) Urb.","RFFP36470",,"RFFP","Damasceno, D.B.M.","1211","Cultivated","2025","Machado, D.N.S.","2025","Bronze","Ouro",,"Cachoeiras de Macacu","Brasil, Estado do Rio de Janeiro, Divisa dos Municípios de Cachoeiras de Macacu e Silva Jardim, Gaviões, Monumento Natural Municipal da Serra do Soarinho, Núcleo Patis, margem do Rio São João, 22º35´´10""S - 42º34´´10""W, 77 msm."
"MONUMENTO NATURAL MUNICIPAL DA SERRA DO SOARINHO","Angiosperms","Cyperaceae","Scleria","virgata","(Nees) Steud.","CYPERACEAE Scleria virgata (Nees) Steud.","RFFP37079",,"RFFP","Damasceno, D.B.M.","1594","Native","2025","Machado, D.N.S.","2025","Bronze","Ouro",,"Cachoeiras de Macacu","Soarinho, Monumento Natural Municipal da Serra do Soarinho, Núcleo Soarinho, Vale do Rio Soarinho, acesso pela escolinha e a igreja, 22º36”33”S - 42º42’28”W, 254 msm."
"MONUMENTO NATURAL MUNICIPAL DA SERRA DO SOARINHO","Angiosperms","Dioscoreaceae","Dioscorea","rumicoides","Griseb.","DIOSCOREACEAE Dioscorea rumicoides Griseb.","RFFP36589",,"RFFP","Damasceno, D.B.M.","1282","Native","2025","Fraga, F.R.M.","2025","Bronze","Ouro",,"Cachoeiras de Macacu","Derribada, Monumento Natural Municipal da Serra do Soarinho, Núcleo Granada, estrada para Rio Bonito, na vertente acima do Bar do Astério, 22º39´´53""S - 42º42´´22""W, 183 msm."
"MONUMENTO NATURAL MUNICIPAL DA SERRA DO SOARINHO","Angiosperms","Hymenophyllaceae","Trichomanes","elegans","Rich.","HYMENOPHYLLACEAE Trichomanes elegans Rich.","RFFP37255",,"RFFP","Damasceno, D.B.M.","1588","Native","2025","Santos, M.G.","2025","Bronze","Ouro",,"Cachoeiras de Macacu","Soarinho, Monumento Natural Municipal da Serra do Soarinho, Núcleo Soarinho, Estrada do Soarinho, área após a Igreja Evangélica, na curva da Myrtaceae, cachoeira da prainha, 22º36’15""S - 42º39’35""W, 219 msm."
"MONUMENTO NATURAL MUNICIPAL DA SERRA DO SOARINHO","Angiosperms","Lygodiaceae","Lygodium","volubile","Sw.","LYGODIACEAE Lygodium volubile Sw.","RFFP36512",,"RFFP","Damasceno, D.B.M.","1216","Native","2025","Machado, D.N.S.","2025","Bronze","Ouro",,"Cachoeiras de Macacu","Brasil, Estado do Rio de Janeiro, Divisa dos Municípios de Cachoeiras de Macacu e Silva Jardim, Gaviões, Monumento Natural Municipal da Serra do Soarinho, Núcleo Patis, margem do Rio São João, 22º34´´59""S - 42º34´´15""W, 54 msm."
"MONUMENTO NATURAL MUNICIPAL DA SERRA DO SOARINHO","Angiosperms","Malpighiaceae","Bronwenia","ferruginea","(Cav.) W.R.Anderson & C.C.Davis","MALPIGHIACEAE Bronwenia ferruginea (Cav.) W.R.Anderson & C.C.Davis","RFFP37226",,"RFFP","Damasceno, D.B.M.","1547","Native","2025","Damasceno, D.B.M.","2025","Bronze","Ouro",,"Cachoeiras de Macacu","Soarinho, Monumento Natural Municipal da Serra do Soarinho, Núcleo Soarinho, próximo ao Sítio Verde, 22º37’20""S - 42º41’38""W, 69 msm."
"MONUMENTO NATURAL MUNICIPAL DA SERRA DO SOARINHO","Angiosperms","Marchantiaceae","Marchantia","chenopoda","L.","MARCHANTIACEAE Marchantia chenopoda L.","RFFP37252",,"RFFP","Damasceno, D.B.M.","1585","Native","2025","Prudencio, R.X.A.","2025","Bronze","Ouro",,"Cachoeiras de Macacu","Soarinho, Monumento Natural Municipal da Serra do Soarinho, Núcleo Soarinho, Estrada do Soarinho, área após a Igreja Evangélica, na curva da Myrtaceae, cachoeira da prainha, 22º36’15""S - 42º39’35""W, 219 msm."
"MONUMENTO NATURAL MUNICIPAL DA SERRA DO SOARINHO","Angiosperms","Melastomataceae","Aciotis","paludosa","(Mart. ex DC.) Triana","MELASTOMATACEAE Aciotis paludosa (Mart. ex DC.) Triana","RFFP37268",,"RFFP","Damasceno, D.B.M.","1608","Native","2025","Nunes, D.","2025","Bronze","Ouro",,"Cachoeiras de Macacu","Soarinho, Monumento Natural Municipal da Serra do Soarinho, Núcleo Soarinho, Estrada do Soarinho, área após a Igreja Evangélica, na curva da Myrtaceae, cachoeira da prainha, 22º36’15""S - 42º39’35""W, 219 msm."
"MONUMENTO NATURAL MUNICIPAL DA SERRA DO SOARINHO","Angiosperms","Melastomataceae","Clidemia","capitellata","(Bonpl.) D.Don","MELASTOMATACEAE Clidemia capitellata (Bonpl.) D.Don","RFFP37275",,"RFFP","Damasceno, D.B.M.","1615","Native","2025","Valente, B.N.","2025","Bronze","Ouro",,"Cachoeiras de Macacu","Derribada, Monumento Natural Municipal da Serra do Soarinho, Núcleo Granada, estrada para Rio Bonito, na vertente acima do Bar do Astério, 22º39´53""S - 42º42´22""W, 188 msm. Monumento Natural da Serra do Soarinho"
"MONUMENTO NATURAL MUNICIPAL DA SERRA DO SOARINHO","Angiosperms","Melastomataceae","Miconia","hypoleuca","(Benth.) Triana","MELASTOMATACEAE Miconia hypoleuca (Benth.) Triana","RFFP37269",,"RFFP","Damasceno, D.B.M.","1609","Native","2025","Nunes, D.","2025","Bronze","Ouro",,"Cachoeiras de Macacu","Soarinho, Monumento Natural Municipal da Serra do Soarinho, Núcleo Soarinho, Vale do Rio Soarinho, acesso pela escolinha e a igreja, 22º36”33”S - 42º42’28”W, 254 msm."
"MONUMENTO NATURAL MUNICIPAL DA SERRA DO SOARINHO","Angiosperms","Melastomataceae","Miconia","tristis","Spring","MELASTOMATACEAE Miconia tristis Spring","RFFP37243",,"RFFP","Damasceno, D.B.M.","1572","Native","2025","Nunes, D.","2025","Bronze","Ouro",,"Cachoeiras de Macacu","Soarinho, Monumento Natural Municipal da Serra do Soarinho, Núcleo Soarinho, parte alta, 22º35´28""S - 42º41´07""W, 600 msm."
"MONUMENTO NATURAL MUNICIPAL DA SERRA DO SOARINHO","Angiosperms","Moraceae","Dorstenia","arifolia","Lam.","MORACEAE Dorstenia arifolia Lam.","RFFP37301",,"RFFP","Damasceno, D.B.M.","1662","Native","2025","Moraes, R.A.S.M.","2025","Bronze","Ouro",,"Cachoeiras de Macacu","Soarinho, Monumento Natural Municipal da Serra do Soarinho, Núcleo Soarinho, Estrada do Soarinho, área após a Igreja Evangélica, na curva da Myrtaceae, cachoeira da prainha, 22º36’15""S - 42º39’35""W, 219 msm."
"MONUMENTO NATURAL MUNICIPAL DA SERRA DO SOARINHO","Angiosperms","Myrtaceae","Campomanesia","sepalifolia","Luber & M.Ibrahim","MYRTACEAE Campomanesia sepalifolia Luber & M.Ibrahim","RFFP37272",,"RFFP","Damasceno, D.B.M.","1612","Native","2025","Fernandes, T.","2025","Bronze","Ouro",,"Cachoeiras de Macacu","Soarinho, Monumento Natural Municipal da Serra do Soarinho, Núcleo Soarinho, Vale do Rio Soarinho, acesso pela escolinha e a igreja, 22º36”33”S - 42º42’28”W, 254 msm."
"MONUMENTO NATURAL MUNICIPAL DA SERRA DO SOARINHO","Angiosperms","Myrtaceae","Myrcia","strigipes","Mart.","MYRTACEAE Myrcia strigipes Mart.","RFFP37227",,"RFFP","Damasceno, D.B.M.","1548","Native","2025","Fernandes, T.","2025","Bronze","Ouro",,"Cachoeiras de Macacu","Soarinho, Monumento Natural Municipal da Serra do Soarinho, Núcleo Soarinho, Estrada do Soarinho, área após a Igreja Evangélica, na curva da Myrtaceae, cachoeira da prainha, 22º36’15""S - 42º39’35""W, 219 msm."
"MONUMENTO NATURAL MUNICIPAL DA SERRA DO SOARINHO","Angiosperms","Orchidaceae","Encyclia","patens","Hook.","ORCHIDACEAE Encyclia patens Hook.","RFFP37230",,"RFFP","Damasceno, D.B.M.","1551","Native","2025","Lima, I.","2025","Bronze","Ouro",,"Cachoeiras de Macacu","Soarinho, Monumento Natural Municipal da Serra do Soarinho, Núcleo Bertholdo, Estrada de Papucainha, ao lado do lago dos patos, 22º35’10""S - 42º38’37""W, 250 msm."
"MONUMENTO NATURAL MUNICIPAL DA SERRA DO SOARINHO","Angiosperms","Orchidaceae","Liparis","nervosa","(Thumb.) Lindl.","ORCHIDACEAE Liparis nervosa (Thumb.) Lindl.","RFFP36516",,"RFFP","Damasceno, D.B.M.","1220","Native","2025","Kalashinov, L.","2025","Bronze","Ouro",,"Cachoeiras de Macacu","Brasil, Estado do Rio de Janeiro, Divisa dos Municípios de Cachoeiras de Macacu e Silva Jardim, Gaviões, Monumento Natural Municipal da Serra do Soarinho, Núcleo Patis, margem do Rio São João, 22º35´´10""S - 42º34´´10""W, 77 msm."
"MONUMENTO NATURAL MUNICIPAL DA SERRA DO SOARINHO","Angiosperms","Passifloraceae","Passiflora","sidifolia","M.Roem.","PASSIFLORACEAE Passiflora sidifolia M.Roem.","RFFP37249",,"RFFP","Damasceno, D.B.M.","1578","Native","2025","Damasceno, D.B.M.","2025","Bronze","Ouro",,"Cachoeiras de Macacu","Soarinho, Monumento Natural Municipal da Serra do Soarinho, Núcleo Cavada, acesso pelo Parque Terra Santa, trilha para a parte alta, 22º35’56”S - 42º40’39”W, 598 msm."
"MONUMENTO NATURAL MUNICIPAL DA SERRA DO SOARINHO","Angiosperms","Polypodiaceae","Microgramma","squamulosa","(Kaulf.) de la Sota","POLYPODIACEAE Microgramma squamulosa (Kaulf.) de la Sota","RFFP36517",,"RFFP","Damasceno, D.B.M.","1221","Native","2025","Machado, D.N.S.","2025","Bronze","Ouro",,"Cachoeiras de Macacu","Brasil, Estado do Rio de Janeiro, Divisa dos Municípios de Cachoeiras de Macacu e Silva Jardim, Gaviões, Monumento Natural Municipal da Serra do Soarinho, Núcleo Patis, margem do Rio São João, 22º35´´16""S - 42º33´´58""W, 90 msm."
"MONUMENTO NATURAL MUNICIPAL DA SERRA DO SOARINHO","Angiosperms","Polypodiaceae","Pleopeltis","minima","(Bory) J. Prado & R.Y. Hirai","POLYPODIACEAE Pleopeltis minima (Bory) J. Prado & R.Y. Hirai","RFFP37236",,"RFFP","Damasceno, D.B.M.","1559","Native","2025","Santos, M.G.","2025","Bronze","Ouro",,"Cachoeiras de Macacu","Soarinho, Monumento Natural Municipal da Serra do Soarinho, Núcleo Cavada, trilha para a parte alta com acesso pelo Parque Terra Santa, 22º35’12”S - 42°41’15”W, 358 msm."
"MONUMENTO NATURAL MUNICIPAL DA SERRA DO SOARINHO","Angiosperms","Polypodiaceae","Pleopeltis","pleopeltifolia","(Raddi) Alston","POLYPODIACEAE Pleopeltis pleopeltifolia (Raddi) Alston","RFFP37254",,"RFFP","Damasceno, D.B.M.","1587","Native","2025","Santos, M.G.","2025","Bronze","Ouro",,"Cachoeiras de Macacu","Cavada, Monumento Natural Municipal da Serra do Soarinho, Núcleo Cavada, trilha para o Rancho Alto, 22º35´10""S, 42º40´13""W, 439 msm."
"MONUMENTO NATURAL MUNICIPAL DA SERRA DO SOARINHO","Angiosperms","Polypodiaceae","Serpocaulon","catharinae","(Langsd. & Fisch.) A.R. Sm.","POLYPODIACEAE Serpocaulon catharinae (Langsd. & Fisch.) A.R. Sm.","RFFP37237",,"RFFP","Damasceno, D.B.M.","1560","Native","2025","Santos, M.G.","2025","Bronze","Ouro",,"Cachoeiras de Macacu","Soarinho, Monumento Natural Municipal da Serra do Soarinho, Núcleo Soarinho, trilha para a parte alta com acesso pelo Vale e o rio, 22º35’12”S - 42°41’15”W, 358 msm."
"MONUMENTO NATURAL MUNICIPAL DA SERRA DO SOARINHO","Angiosperms","Rubiaceae","Palicourea","macrobotrys","(Ruiz & Pav.) Schult.","RUBIACEAE Palicourea macrobotrys (Ruiz & Pav.) Schult.","RFFP36518",,"RFFP","Damasceno, D.B.M.","1222","Native","2025","Manao, C.Y.''G.","2025","Bronze","Ouro",,"Cachoeiras de Macacu","Brasil, Estado do Rio de Janeiro, Divisa dos Municípios de Cachoeiras de Macacu e Silva Jardim, Gaviões, Monumento Natural Municipal da Serra do Soarinho, Núcleo Patis, margem do Rio São João, 22º35´´10""S - 42º34´´10""W, 77 msm"
"MONUMENTO NATURAL MUNICIPAL DA SERRA DO SOARINHO","Angiosperms","Selaginellaceae","Selaginella","sulcata","(Desv. ex Poir.) Spring","SELAGINELLACEAE Selaginella sulcata (Desv. ex Poir.) Spring","RFFP37233",,"RFFP","Damasceno, D.B.M.","1554","Native","2025","Santos, M.G.","2025","Bronze","Ouro",,"Cachoeiras de Macacu","Soarinho, Monumento Natural Municipal da Serra do Soarinho, Núcleo Soarinho, Estrada do Soarinho, área após a Igreja Evangélica, na curva da Myrtaceae, cachoeira da prainha, 22º36’15""S - 42º39’35""W, 219 msm."
"MONUMENTO NATURAL MUNICIPAL DA SERRA DO SOARINHO","Angiosperms","Bignoniaceae","Adenocalymma","scabriusculum","Mart. ex DC.","BIGNONIACEAE Adenocalymma scabriusculum Mart. ex DC.","RFFP35127",,"RFFP","Damasceno, D.B.M.","670","Native","2024","Damasceno, D.B.M.","2025","Bronze","Ouro",,"Cachoeiras de Macacu","Pedra Branca, Monumento Natural Municipal da Serra do Soarinho, Núcleo Granada, acesso pela Estrada Pedra Branca, ao lado do Rio Soarinho, 22º37´´05""S - 42º44´´27""W, 24 msm. Monumento Natural da Serra do Soarinho"
"MONUMENTO NATURAL MUNICIPAL DA SERRA DO SOARINHO",,"Malvaceae","Melochia","melissifolia","Benth.","MALVACEAE Melochia melissifolia Benth.","RFFP35357",,"RFFP","Damasceno, D.B.M.","736",,"2024","Pinheiro, C.","2025","Bronze","Ouro",,"Cachoeiras de Macacu","Brasil, Estado do Rio de Janeiro, Município de Cachoeiras de Macacu, Soarinho, Monumento Natural Municipal da Serra do Soarinho, Núcleo Granada, acesso pelo Parque Terra Santa, 22º34´´33""S - 42º41´´33""W, 33 msm. Monumento Natural da Serra do Soarinho"
"MONUMENTO NATURAL MUNICIPAL DA SERRA DO SOARINHO","Angiosperms","Acanthaceae","Asystasia","gangetica","(L.) T.Anderson","ACANTHACEAE Asystasia gangetica (L.) T.Anderson","RFFP35216",,"RFFP","Damasceno, D.B.M.","792","Native","2024","Guimaraes, U.G.","2024","Bronze","Ouro",,"Cachoeiras de Macacu","Derribada, Monumento Natural Municipal da Serra do Soarinho, Núcleo Granada, estrada para Rio Bonito, na vertente acima do Bar do Astério, 22º39´´39""S - 42º42´´50""W, 125 msm."
"MONUMENTO NATURAL MUNICIPAL DA SERRA DO SOARINHO","Angiosperms","Acanthaceae","Ruellia","curviflora","Nees & Mart.","ACANTHACEAE Ruellia curviflora Nees & Mart.","RFFP35174",,"RFFP","Damasceno, D.B.M.","742","Native","2024","Fernandes, U.G.","2024","Bronze","Ouro",,"Cachoeiras de Macacu","Soarinho, Monumento Natural Municipal da Serra do Soarinho, Núcleo Soarinho, Vale do Rio Soarinho, acesso pela escolinha e a igreja, 22º36´´33""S - 42º42´´28""W, 254 msm."
"MONUMENTO NATURAL MUNICIPAL DA SERRA DO SOARINHO","Angiosperms","Acanthaceae","Thunbergia","alata","Bojer ex Sims","ACANTHACEAE Thunbergia alata Bojer ex Sims","RFFP36075",,"RFFP","Damasceno, D.B.M.","1072","Native","2024","Damasceno, D.B.M.","2024","Bronze","Ouro",,"Cachoeiras de Macacu","Brasil, Estado do Rio de Janeiro, Município de Cachoeiras de Macacu, Soarinho, Monumento Natural Municipal da Serra do Soarinho, Núcleo Soarinho, Vale do Rio Soarinho, acesso pela escolinha e a igreja, 22º36´´46""S - 42º42´´50""W, 191 msm."
"MONUMENTO NATURAL MUNICIPAL DA SERRA DO SOARINHO","Angiosperms","Alismataceae","Limnocharis","flava","(L.) Buchenau","ALISMATACEAE Limnocharis flava (L.) Buchenau","RFFP34953",,"RFFP","Damasceno, D.B.M.","724","Native","2024","Damasceno, D.B.M.","2024","Bronze","Ouro",,"Cachoeiras de Macacu","Pedra Branca, Monumento Natural Municipal da Serra do Soarinho, Núcleo Granada, Estrada da Pedra Branca, 22º37´´56""S - 42º44´´27""W, 39 msm."
"MONUMENTO NATURAL MUNICIPAL DA SERRA DO SOARINHO","Ferns and Lycophytes","Alismataceae","Sagittaria","montevidensis","Cham. & Schltdl.","ALISMATACEAE Sagittaria montevidensis Cham. & Schltdl.","RFFP36089",,"RFFP","Damasceno, D.B.M.","1086","Native","2024","Machado, D.N.S.","2024","Bronze","Ouro",,"Cachoeiras de Macacu","Brasil, Estado do Rio de Janeiro, Município de Cachoeiras de Macacu, Soarinho, Monumento Natural Municipal da Serra do Soarinho, Núcleo Soarinho, Vale do Rio Soarinho, acesso pela escolinha e a igreja, 22º36´´46""S - 42º42´´50""W, 191 msm."
"MONUMENTO NATURAL MUNICIPAL DA SERRA DO SOARINHO","Angiosperms","Apocynaceae","Forsteronia","glabrescens","Müll.Arg.","APOCYNACEAE Forsteronia glabrescens Müll.Arg.","RFFP34991",,"RFFP","Damasceno, D.B.M.","658","Native","2024","Goes, M.B.","2024","Bronze","Ouro",,"Cachoeiras de Macacu","Soarinho, Monumento Natural Municipal da Serra do Soarinho, Núcleo Soarinho, trilha descampada após a igreja, próximo ao rio, 22º36´´18""S - 42º39´´41""W, 200 msm."
"MONUMENTO NATURAL MUNICIPAL DA SERRA DO SOARINHO","Angiosperms","Apocynaceae","Gonolobus","parviflorus","Decne.","APOCYNACEAE Gonolobus parviflorus Decne.","RFFP35307",,"RFFP","Damasceno, D.B.M.","968","Native","2024","Goes, M.B.","2024","Bronze","Ouro",,"Cachoeiras de Macacu","Soarinho, Monumento Natural Municipal da Serra do Soarinho, Núcleo Soarinho, Próximo a Escolinha do Soarinho 22º36´´43""S - 42º40´´21""W, 188 msm."
"MONUMENTO NATURAL MUNICIPAL DA SERRA DO SOARINHO","Angiosperms","Apocynaceae","Macroditassa","laxa","(Malme) Fontella & de Lamare","APOCYNACEAE Macroditassa laxa (Malme) Fontella & de Lamare","RFFP34988",,"RFFP","Damasceno, D.B.M.","610","Native","2024","Goes, M.B.","2024","Bronze","Ouro",,"Cachoeiras de Macacu","Soarinho, Monumento Natural Municipal da Serra do Soarinho, Núcleo Soarinho, subida da cachoeira, 22º36´´04""S - 42º41´´36""W, 396 msm."
"MONUMENTO NATURAL MUNICIPAL DA SERRA DO SOARINHO","Angiosperms","Apocynaceae","Orthosia","congesta","Decne.","APOCYNACEAE Orthosia congesta Decne.","RFFP34994",,"RFFP","Damasceno, D.B.M.","642","Native","2024","Goes, M.B.","2024","Bronze","Ouro",,"Cachoeiras de Macacu","Monumento Natural Municipal da Serra do Soarinho, Núcleo Bertholdo, margem da Rodovia RJ 126, 22º34´´24""S - 42°37´´46""W, 356 msm."
"MONUMENTO NATURAL MUNICIPAL DA SERRA DO SOARINHO","Angiosperms","Apocynaceae","Orthosia","scoparia","(Nutt.) Liede & Meve","APOCYNACEAE Orthosia scoparia (Nutt.) Liede & Meve","RFFP35232",,"RFFP","Damasceno, D.B.M.","808","Native","2024","Goes, M.B.","2024","Bronze","Ouro",,"Cachoeiras de Macacu","Soarinho, Monumento Natural Municipal da Serra do Soarinho, Núcleo Bertholdo, após a Cachoeira do Jordão, 22º34´´11""S - 42º38´´43""W, 164 msm."
"MONUMENTO NATURAL MUNICIPAL DA SERRA DO SOARINHO","Angiosperms","Apocynaceae","Prestonia","dusenii","(Malme) Woodson","APOCYNACEAE Prestonia dusenii (Malme) Woodson","RFFP34987",,"RFFP","Damasceno, D.B.M.","673","Native","2024","Damasceno, D.B.M.","2024","Bronze","Ouro",,"Cachoeiras de Macacu","Pedra Branca, Monumento Natural Municipal da Serra do Soarinho, Núcleo Granada, acesso pela Estrada Pedra Branca, ao lado do Rio Soarinho, 22º37´´05""S - 42º44´´27""W, 24 msm."
"MONUMENTO NATURAL MUNICIPAL DA SERRA DO SOARINHO","Angiosperms","Araceae","Anthurium","intermedium","Kunth","ARACEAE Anthurium intermedium Kunth","RFFP35268",,"RFFP","Damasceno, D.B.M.","944","Native","2024","Dutra Junior, D.L.S.","2024","Bronze","Ouro",,"Cachoeiras de Macacu","Soarinho, Monumento Natural Municipal da Serra do Soarinho, Núcleo Soarinho, Cachoeira Janela do Céu, 22º37´´01""S - 42º40´´59""W, 196 msm."
"MONUMENTO NATURAL MUNICIPAL DA SERRA DO SOARINHO","Angiosperms","Araceae","Anthurium","longifolium","(Hoffmanns.) G.Don","ARACEAE Anthurium longifolium (Hoffmanns.) G.Don","RFFP35280",,"RFFP","Damasceno, D.B.M.","849","Native","2024","Dutra Junior, D.L.S.","2024","Bronze","Ouro",,"Cachoeiras de Macacu","Soarinho, Monumento Natural Municipal da Serra do Soarinho, Núcleo Soarinho, Cachoeira Janela do Céu, 22º36´´59""S - 42º40´´58""W, 176 msm."
"MONUMENTO NATURAL MUNICIPAL DA SERRA DO SOARINHO","Ferns and Lycophytes","Araceae","Anthurium","pentaphyllum","(Aubl.) G.Don","ARACEAE Anthurium pentaphyllum (Aubl.) G.Don","RFFP35293",,"RFFP","Damasceno, D.B.M.","939","Native","2024","Dutra Junior, D.L.S.","2024","Bronze","Ouro",,"Cachoeiras de Macacu","Soarinho, Monumento Natural Municipal da Serra do Soarinho, Núcleo Soarinho, Cachoeira Janela do Céu, 22º37´´01""S - 42º40´´59""W, 196 msm."
"MONUMENTO NATURAL MUNICIPAL DA SERRA DO SOARINHO","Angiosperms","Araceae","Anthurium","urvilleanum","Schott","ARACEAE Anthurium urvilleanum Schott","RFFP36155",,"RFFP","Damasceno, D.B.M.","1151","Native","2024","Dutra Junior, D.L.S.","2024","Bronze","Ouro",,"Cachoeiras de Macacu","Brasil, Estado do Rio de Janeiro, Município de Cachoeiras de Macacu, Patis, Monumento Natural Municipal da Serra do Soarinho, Núcleo Patis, Rodovia RJ 126, trecho entre o Posto Ypiranga e a Base Operacional da Petrobrás, 22º34´´48""S - 42º36´´42""W, 167 msm."
"MONUMENTO NATURAL MUNICIPAL DA SERRA DO SOARINHO","Angiosperms","Araceae","Caladium","bicolor","(Aiton) Vent.","ARACEAE Caladium bicolor (Aiton) Vent.","RFFP35317",,"RFFP","Damasceno, D.B.M.","971","Native","2024","Machado, D.N.S.","2024","Bronze","Ouro",,"Cachoeiras de Macacu","Bertholdo, Monumento Natural Municipal da Serra do Soarinho, Núcleo Soarinho, próximo a bifurcação, 22º35´´34""S - 42º39´´05""W, 234 msm."
"MONUMENTO NATURAL MUNICIPAL DA SERRA DO SOARINHO","Angiosperms","Araceae","Lemna","aequinoctialis","Welw.","ARACEAE Lemna aequinoctialis Welw.","RFFP36068",,"RFFP","Damasceno, D.B.M.","1065","Native","2024","Dutra Junior, D.L.S.","2024","Bronze","Ouro",,"Cachoeiras de Macacu","Brasil, Estado do Rio de Janeiro, Município de Cachoeiras de Macacu, Derribada, Monumento Natural Municipal da Serra do Soarinho, Núcleo Granada, margem da Rodovia RJ 116, entre os km 11 e 12, 22º39´´28""S - 42º45´´02""W, 23 msm."
"MONUMENTO NATURAL MUNICIPAL DA SERRA DO SOARINHO","Angiosperms","Araceae","Monstera","adansonii","Schott","ARACEAE Monstera adansonii Schott","RFFP35270",,"RFFP","Damasceno, D.B.M.","879","Native","2024","Machado, D.N.S.","2024","Bronze","Ouro",,"Cachoeiras de Macacu","Bertholdo, Monumento Natural Municipal da Serra do Soarinho, Núcleo Bertholdo, 22º34´´12""S - 42º38´´49""W, 146 msm."
"MONUMENTO NATURAL MUNICIPAL DA SERRA DO SOARINHO","Angiosperms","Araceae","Philodendron","cordatum","Kunth ex Schott","ARACEAE Philodendron cordatum Kunth ex Schott","RFFP35260",,"RFFP","Damasceno, D.B.M.","940","Native","2024","Dutra Junior, D.L.S.","2024","Bronze","Ouro",,"Cachoeiras de Macacu","Soarinho, Monumento Natural Municipal da Serra do Soarinho, Núcleo Soarinho, Cachoeira Janela do Céu, 22º37´´01""S - 42º40´´59""W, 196 msm."
"MONUMENTO NATURAL MUNICIPAL DA SERRA DO SOARINHO","Angiosperms","Araceae","Philodendron","crassinervium","Lindl.","ARACEAE Philodendron crassinervium Lindl.","RFFP35266",,"RFFP","Damasceno, D.B.M.","942","Native","2024","Dutra Junior, D.L.S.","2024","Bronze","Ouro",,"Cachoeiras de Macacu","Soarinho, Monumento Natural Municipal da Serra do Soarinho, Núcleo Soarinho, Cachoeira Janela do Céu, 22º37´´01""S - 42º40´´59""W, 196 msm."
"MONUMENTO NATURAL MUNICIPAL DA SERRA DO SOARINHO","Angiosperms","Araceae","Philodendron","hastatum","K.Koch & Sello","ARACEAE Philodendron hastatum K.Koch & Sello","RFFP35310",,"RFFP","Damasceno, D.B.M.","970","Native","2024","Dutra Junior, D.L.S.","2024","Bronze","Ouro",,"Cachoeiras de Macacu","Bertholdo, Monumento Natural Municipal da Serra do Soarinho, Núcleo Bertholdo, próximo ao Poço Véu da Amante, 22º34´´11""S - 42º38´´17""W, 206 msm."
"MONUMENTO NATURAL MUNICIPAL DA SERRA DO SOARINHO","Angiosperms","Araceae","Philodendron","nadruzianum","Sakur.","ARACEAE Philodendron nadruzianum Sakur.","RFFP36078",,"RFFP","Damasceno, D.B.M.","1075","Native","2024","Dutra Junior, D.L.S.","2024","Bronze","Ouro",,"Cachoeiras de Macacu","Brasil, Estado do Rio de Janeiro, Município de Cachoeiras de Macacu, Soarinho, Monumento Natural Municipal da Serra do Soarinho, Núcleo Soarinho, Vale do Rio Soarinho, acesso pela escolinha e a igreja, 22º36´´46""S - 42º42´´50""W, 191 msm."
"MONUMENTO NATURAL MUNICIPAL DA SERRA DO SOARINHO","Angiosperms","Araceae","Philodendron","oblongum","(Vell.) Kunth","ARACEAE Philodendron oblongum (Vell.) Kunth","RFFP35267",,"RFFP","Damasceno, D.B.M.","943","Native","2024","Dutra Junior, D.L.S.","2024","Bronze","Ouro",,"Cachoeiras de Macacu","Soarinho, Monumento Natural Municipal da Serra do Soarinho, Núcleo Soarinho, Cachoeira Janela do Céu, 22º37´´01""S - 42º40´´59""W, 196 msm."
"MONUMENTO NATURAL MUNICIPAL DA SERRA DO SOARINHO","Angiosperms","Araceae","Philodendron","ornatum","Schott","ARACEAE Philodendron ornatum Schott","RFFP36074",,"RFFP","Damasceno, D.B.M.","1071","Native","2024","Dutra Junior, D.L.S.","2024","Bronze","Ouro",,"Cachoeiras de Macacu","Brasil, Estado do Rio de Janeiro, Município de Cachoeiras de Macacu, Soarinho, Monumento Natural Municipal da Serra do Soarinho, Núcleo Soarinho, Vale do Rio Soarinho, acesso pela escolinha e a igreja, 22º36´´46""S - 42º42´´50""W, 191 msm."
"MONUMENTO NATURAL MUNICIPAL DA SERRA DO SOARINHO","Angiosperms","Araceae","Philodendron","pedatum","(Hook.) Kunth","ARACEAE Philodendron pedatum (Hook.) Kunth","RFFP35269",,"RFFP","Damasceno, D.B.M.","945","Native","2024","Dutra Junior, D.L.S.","2024","Bronze","Ouro",,"Cachoeiras de Macacu","Soarinho, Monumento Natural Municipal da Serra do Soarinho, Núcleo Soarinho, Cachoeira Janela do Céu, 22º37´´01""S - 42º40´´59""W, 196 msm."
"MONUMENTO NATURAL MUNICIPAL DA SERRA DO SOARINHO","Angiosperms","Araceae","Pistia","stratiotes","L.","ARACEAE Pistia stratiotes L.","RFFP35314",,"RFFP","Damasceno, D.B.M.","979","Not_found_in_brazil","2024","Machado, D.N.S.","2024","Bronze","Ouro",,"Cachoeiras de Macacu","Soarinho, Monumento Natural Municipal da Serra do Soarinho, Núcleo Soarinho, Estrada do Soarinho, 22º36´´10""S - 42º39´´32""W, 210 msm."
"MONUMENTO NATURAL MUNICIPAL DA SERRA DO SOARINHO","Angiosperms","Araceae","Rhodospatha","latifolia","Poepp.","ARACEAE Rhodospatha latifolia Poepp.","RFFP35231",,"RFFP","Damasceno, D.B.M.","807","Native","2024","Machado, D.N.S.","2024","Bronze","Ouro",,"Cachoeiras de Macacu","Soarinho, Monumento Natural Municipal da Serra do Soarinho, Núcleo Bertholdo, acima da segunda cachoeira, 22º34´´14""S - 42º38´´07""W, 235 msm."
"MONUMENTO NATURAL MUNICIPAL DA SERRA DO SOARINHO","Angiosperms","Araceae","Syngonium","vellozianum","Schott","ARACEAE Syngonium vellozianum Schott","RFFP35294",,"RFFP","Damasceno, D.B.M.","891","Native","2024","Dutra Junior, D.L.S.","2024","Bronze","Ouro",,"Cachoeiras de Macacu","Bertholdo, Monumento Natural Municipal da Serra do Soarinho, Núcleo Bertholdo, descida para Patis, após a grande figueira e o mirante de Patis, 22º34´´23""S - 42º37´´32""W, 404 msm."
"MONUMENTO NATURAL MUNICIPAL DA SERRA DO SOARINHO","Angiosperms","Arecaceae","Desmoncus","polyacanthos","Mart.","ARECACEAE Desmoncus polyacanthos Mart.","RFFP36065",,"RFFP","Damasceno, D.B.M.","1062","Native","2024","Machado, D.N.S.","2024","Bronze","Ouro",,"Cachoeiras de Macacu","Brasil, Estado do Rio de Janeiro, Município de Cachoeiras de Macacu, Soarinho, Monumento Natural Municipal da Serra do Soarinho, Núcleo Soarinho, Vale do Rio Soarinho, acesso pela escolinha e a igreja, 22º36´´46""S - 42º42´´50""W, 191 msm."
"MONUMENTO NATURAL MUNICIPAL DA SERRA DO SOARINHO","Angiosperms","Asteraceae","Clibadium","armanii","(Balb.) Sch.Bip. ex O.E.Schulz","ASTERACEAE Clibadium armanii (Balb.) Sch.Bip. ex O.E.Schulz","RFFP35029",,"RFFP","Damasceno, D.B.M.","717","Native","2024","Damasceno, D.B.M.","2024","Bronze","Ouro",,"Cachoeiras de Macacu","Japuíba, Monumento Natural Municipal da Serra do Soarinho, Núcleo Bertholdo, margem do Rio Bengala, 22º33´´15""S - 42º40´´39""W, 29 msm."
"MONUMENTO NATURAL MUNICIPAL DA SERRA DO SOARINHO","Angiosperms","Asteraceae","Mikania","chlorolepis","Baker","ASTERACEAE Mikania chlorolepis Baker","RFFP35263",,"RFFP","Damasceno, D.B.M.","830","Native","2024","Damasceno, D.B.M.","2024","Bronze","Ouro",,"Cachoeiras de Macacu","Soarinho, Monumento Natural Municipal da Serra do Soarinho, Núcleo Soarinho, parte alta, 22º35´´31""S - 42º41´´07""W, 589 msm."
"MONUMENTO NATURAL MUNICIPAL DA SERRA DO SOARINHO","Bryophytes","Asteraceae","Mikania","laevigata","Sch.Bip. ex Baker","ASTERACEAE Mikania laevigata Sch.Bip. ex Baker","RFFP35328",,"RFFP","Damasceno, D.B.M.","890","Native","2024","Damasceno, D.B.M.","2024","Bronze","Ouro",,"Cachoeiras de Macacu","Bertholdo, Monumento Natural Municipal da Serra do Soarinho, Núcleo Bertholdo, 22º34´´23""S - 42º37´´50""W, 371 msm."
"MONUMENTO NATURAL MUNICIPAL DA SERRA DO SOARINHO","Angiosperms","Asteraceae","Piptocarpha","lundiana","(Less.) Baker","ASTERACEAE Piptocarpha lundiana (Less.) Baker","RFFP35309",,"RFFP","Damasceno, D.B.M.","965","Native","2024","Damasceno, D.B.M.","2024","Bronze","Ouro",,"Cachoeiras de Macacu","Soarinho, Monumento Natural Municipal da Serra do Soarinho, Núcleo Soarinho, Estrada do Soarinho, 22º36´´15""S - 42º39´´35""W, 224 msm."
"MONUMENTO NATURAL MUNICIPAL DA SERRA DO SOARINHO","Angiosperms","Asteraceae","Stifftia","chrysantha","J.C.Mikan","ASTERACEAE Stifftia chrysantha J.C.Mikan","RFFP35028",,"RFFP","Damasceno, D.B.M.","671","Native","2024","Coelho, M.A.N.","2024","Bronze","Ouro",,"Cachoeiras de Macacu","Derribada, Monumento Natural Municipal da Serra do Soarinho, Núcleo Granada, RJ 116, 22º37´´48""S - 42º43´´21""W, 31 msm."
"MONUMENTO NATURAL MUNICIPAL DA SERRA DO SOARINHO","Angiosperms","Asteraceae","Vernonanthura","beyrichii","(Less.) H.Rob.","ASTERACEAE Vernonanthura beyrichii (Less.) H.Rob.","RFFP35027",,"RFFP","Damasceno, D.B.M.","667","Native","2024","Damasceno, D.B.M.","2024","Bronze","Ouro",,"Cachoeiras de Macacu","Derribada, Monumento Natural Municipal da Serra do Soarinho, Núcleo Granada, estrada para Rio Bonito, na vertente acima do Bar do Astério, 22º39´´15""S - 42º43´´39""W, 27 msm."
"MONUMENTO NATURAL MUNICIPAL DA SERRA DO SOARINHO","Angiosperms","Basellaceae","Anredera","cordifolia","(Ten.) Steenis","BASELLACEAE Anredera cordifolia (Ten.) Steenis","RFFP35049",,"RFFP","Damasceno, D.B.M.","592","Native","2024","Damasceno, D.B.M.","2024","Bronze","Ouro",,"Cachoeiras de Macacu","Soarinho, Monumento Natural Municipal da Serra do Soarinho, Núcleo Bertholdo, margem da Rodovia RJ 126, 22º34´´24""S - 42°37´´46""W, 356 msm"
"MONUMENTO NATURAL MUNICIPAL DA SERRA DO SOARINHO","Angiosperms","Bignoniaceae","Adenocalymma","divaricatum","Miers","BIGNONIACEAE Adenocalymma divaricatum Miers","RFFP36168",,"RFFP","Damasceno, D.B.M.","1164",,"2024","Damasceno, D.B.M.","2024","Bronze","Ouro",,"Cachoeiras de Macacu","Brasil, Estado do Rio de Janeiro, Município de Cachoeiras de Macacu, Soarinho, Monumento Natural Municipal da Serra do Soarinho, Núcleo Soarinho, Vale do Rio Soarinho, parte inicial da trilha, após saída da Estrada do Soarinho, 22º36´´43""S - 42º42´´57""W, 123 msm."
"MONUMENTO NATURAL MUNICIPAL DA SERRA DO SOARINHO","Angiosperms","Bignoniaceae","Adenocalymma","grandifolium","Mart. ex DC.","BIGNONIACEAE Adenocalymma grandifolium Mart. ex DC.","RFFP35297",,"RFFP","Damasceno, D.B.M.","885","Native","2024","Damasceno, D.B.M.","2024","Bronze","Ouro",,"Cachoeiras de Macacu","Soarinho, Monumento Natural Municipal da Serra do Soarinho, Núcleo Soarinho, Vale do Rio Soarinho, acesso pela escolinha e a igreja, 22º36´´37""S - 42º42´´44""W, 175 msm."
"MONUMENTO NATURAL MUNICIPAL DA SERRA DO SOARINHO","Angiosperms","Bignoniaceae","Adenocalymma","marginatum","(Cham.) DC.","BIGNONIACEAE Adenocalymma marginatum (Cham.) DC.","RFFP35062",,"RFFP","Damasceno, D.B.M.","624","Native","2024","Damasceno, D.B.M.","2024","Bronze","Ouro",,"Cachoeiras de Macacu","Soarinho, Monumento Natural Municipal da Serra do Soarinho, Núcleo Soarinho, Vale do Rio Soarinho, acesso pela escolinha e a igreja, 22º36´´40""S - 42º42´´50""W, 140 msm."
"MONUMENTO NATURAL MUNICIPAL DA SERRA DO SOARINHO","Angiosperms","Bignoniaceae","Amphilophium","bauhinioides","(Bureau ex Baill.) L.G.Lohmann","BIGNONIACEAE Amphilophium bauhinioides (Bureau ex Baill.) L.G.Lohmann","RFFP35203",,"RFFP","Damasceno, D.B.M.","778","Native","2024","Damasceno, D.B.M.","2024","Bronze","Ouro",,"Cachoeiras de Macacu","Soarinho, Monumento Natural Municipal da Serra do Soarinho, Núcleo Soarinho, Cachoeira Janela do Céu, 22º37´´01""S - 42º40´´59""W, 196 msm."
"MONUMENTO NATURAL MUNICIPAL DA SERRA DO SOARINHO","Angiosperms","Bignoniaceae","Cuspidaria","convoluta","(Vell.) A.H.Gentry","BIGNONIACEAE Cuspidaria convoluta (Vell.) A.H.Gentry","RFFP35075",,"RFFP","Damasceno, D.B.M.","541","Native","2024","Nayara, J.","2024","Bronze","Ouro",,"Cachoeiras de Macacu","Soarinho, Monumento Natural Municipal da Serra do Soarinho, Núcleo Cavada, início da trilha para a parte alta com acesso pelo Parque Terra Santa, 22º34´´38""S - 42°41´´21""W, 98 msm."
"MONUMENTO NATURAL MUNICIPAL DA SERRA DO SOARINHO","Angiosperms","Bignoniaceae","Dolichandra","unguis-cati","(L.) L.G.Lohmann","BIGNONIACEAE Dolichandra unguis-cati (L.) L.G.Lohmann","RFFP35306",,"RFFP","Damasceno, D.B.M.","966","Native","2024","Damasceno, D.B.M.","2024","Bronze","Ouro",,"Cachoeiras de Macacu","Soarinho, Monumento Natural Municipal da Serra do Soarinho, Núcleo Soarinho, Próximo a Escolinha do Soarinho 22º36´´43""S - 42º40´´21""W, 188 msm."
"MONUMENTO NATURAL MUNICIPAL DA SERRA DO SOARINHO","Angiosperms","Bignoniaceae","Fridericia","conjugata","(Vell.) L.G.Lohmann","BIGNONIACEAE Fridericia conjugata (Vell.) L.G.Lohmann","RFFP35155",,"RFFP","Damasceno, D.B.M.","548","Native","2024","Damasceno, D.B.M.","2024","Bronze","Ouro",,"Cachoeiras de Macacu","Soarinho, Monumento Natural Municipal da Serra do Soarinho, Núcleo Granada, RJ-116 (Rodovia Presidente João Goulart), km 16, 22º37´´55""S - 42º43´´24""W, 30 msm."
"MONUMENTO NATURAL MUNICIPAL DA SERRA DO SOARINHO","Angiosperms","Bignoniaceae","Fridericia","leucopogon","(Cham.) L.G.Lohmann","BIGNONIACEAE Fridericia leucopogon (Cham.) L.G.Lohmann","RFFP35275",,"RFFP","Damasceno, D.B.M.","867","Native","2024","Damasceno, D.B.M.","2024","Bronze","Ouro",,"Cachoeiras de Macacu","Derribada, Monumento Natural Municipal da Serra do Soarinho, Núcleo Granada, estrada para Rio Bonito, na descida para o alagado, 22º40´´00""S - 42º42´´21""W, 146 msm."
"MONUMENTO NATURAL MUNICIPAL DA SERRA DO SOARINHO","Angiosperms","Bignoniaceae","Fridericia","platyphylla","(Cham.) L.G.Lohmann","BIGNONIACEAE Fridericia platyphylla (Cham.) L.G.Lohmann","RFFP35087",,"RFFP","Damasceno, D.B.M.","677","Native","2024","Damasceno, D.B.M.","2024","Bronze","Ouro",,"Cachoeiras de Macacu","Derribada, Monumento Natural Municipal da Serra do Soarinho, Núcleo Granada, estrada para Rio Bonito, na vertente acima do Bar do Astério, 22º39´´53""S - 42º42´´22""W, 183 msm."
"MONUMENTO NATURAL MUNICIPAL DA SERRA DO SOARINHO","Angiosperms","Bignoniaceae","Fridericia","pubescens","(L.) L.G.Lohmann","BIGNONIACEAE Fridericia pubescens (L.) L.G.Lohmann","RFFP35071",,"RFFP","Damasceno, D.B.M.","662","Native","2024","Damasceno, D.B.M.","2024","Bronze","Ouro",,"Cachoeiras de Macacu","Derribada, Monumento Natural Municipal da Serra do Soarinho, Núcleo Granada, estrada para Rio Bonito, na vertente acima do Bar do Astério, 22º39´´39""S - 42º42´´50""W, 125 msm."
"MONUMENTO NATURAL MUNICIPAL DA SERRA DO SOARINHO","Angiosperms","Bignoniaceae","Fridericia","rego","(Vell.) L.G.Lohmann","BIGNONIACEAE Fridericia rego (Vell.) L.G.Lohmann","RFFP35060",,"RFFP","Damasceno, D.B.M.","623","Native","2024","Damasceno, D.B.M.","2024","Bronze","Ouro",,"Cachoeiras de Macacu","Soarinho, Monumento Natural Municipal da Serra do Soarinho, Núcleo Soarinho, Vale do Rio Soarinho, acesso pela escolinha e a igreja, 22º36´´40""S - 42º42´´50""W, 140 msm."
"MONUMENTO NATURAL MUNICIPAL DA SERRA DO SOARINHO","Angiosperms","Bignoniaceae","Handroanthus","chrysotrichus","(Mart. ex DC.) Mattos","BIGNONIACEAE Handroanthus chrysotrichus (Mart. ex DC.) Mattos","RFFP35057",,"RFFP","Damasceno, D.B.M.","605","Native","2024","Damasceno, D.B.M.","2024","Bronze","Ouro",,"Cachoeiras de Macacu","Soarinho, Monumento Natural Municipal da Serra do Soarinho, Núcleo Soarinho, trilha descampada após a igreja, próximo ao rio, 22º36´´18""S - 42º39´´41""W, 200 msm."
"MONUMENTO NATURAL MUNICIPAL DA SERRA DO SOARINHO","Angiosperms","Bignoniaceae","Handroanthus","ochraceus","(Cham.) Mattos","BIGNONIACEAE Handroanthus ochraceus (Cham.) Mattos","RFFP35084",,"RFFP","Damasceno, D.B.M.","676","Native","2024","Damasceno, D.B.M.","2024","Bronze","Ouro",,"Cachoeiras de Macacu","Soarinho, Monumento Natural Municipal da Serra do Soarinho, Núcleo Soarinho, início da Estrada do Soarinho, Núcleo Soarinho, 22º36´´18""S - 42°44´´07""W, 12 msm."
"MONUMENTO NATURAL MUNICIPAL DA SERRA DO SOARINHO","Angiosperms","Bignoniaceae","Pleonotoma","stichadenia","K.Schum.","BIGNONIACEAE Pleonotoma stichadenia K.Schum.","RFFP36085",,"RFFP","Damasceno, D.B.M.","1082","Not_found_in_brazil","2024","Damasceno, D.B.M.","2024","Bronze","Ouro",,"Cachoeiras de Macacu","Brasil, Estado do Rio de Janeiro, Município de Cachoeiras de Macacu, Soarinho, Monumento Natural Municipal da Serra do Soarinho, Núcleo Soarinho, início da estrada para o Vale, 22º36´´52""S - 42°43´´17""W, 27 msm."
"MONUMENTO NATURAL MUNICIPAL DA SERRA DO SOARINHO","Angiosperms","Bignoniaceae","Podranea","ricasoliana","(Tanfani) Sprague","BIGNONIACEAE Podranea ricasoliana (Tanfani) Sprague","RFFP35124",,"RFFP","Damasceno, D.B.M.","669","Native","2024","Damasceno, D.B.M.","2024","Bronze","Ouro",,"Cachoeiras de Macacu","Derribada, Monumento Natural Municipal da Serra do Soarinho, Núcleo Granada, Rodovia RJ 116, 22º38´´25""S - 42º43´´47""W, 27 msm."
"MONUMENTO NATURAL MUNICIPAL DA SERRA DO SOARINHO","Angiosperms","Bignoniaceae","Pyrostegia","venusta","(Ker Gawl.) Miers","BIGNONIACEAE Pyrostegia venusta (Ker Gawl.) Miers","RFFP36011",,"RFFP","Damasceno, D.B.M.","1006","Native","2024","Damasceno, D.B.M.","2024","Bronze","Ouro",,"Cachoeiras de Macacu","Brasil, Estado do Rio de Janeiro, Município de Cachoeiras de Macacu, Patis, Monumento Natural Municipal da Serra do Soarinho, Núcleo Patis, próximo aos limites com o município de Silva Jardim, 22º34´´58""S - 42º34´´30""W, 50 msm."
"MONUMENTO NATURAL MUNICIPAL DA SERRA DO SOARINHO","Ferns and Lycophytes","Bignoniaceae","Sparattosperma","leucanthum","(Vell.) K.Schum.","BIGNONIACEAE Sparattosperma leucanthum (Vell.) K.Schum.","RFFP36081",,"RFFP","Damasceno, D.B.M.","1078","Native","2024","Damasceno, D.B.M.","2024","Bronze","Ouro",,"Cachoeiras de Macacu","Brasil, Estado do Rio de Janeiro, Município de Cachoeiras de Macacu, Soarinho, Monumento Natural Municipal da Serra do Soarinho, Núcleo Soarinho, Vale do Rio Soarinho, acesso pela escolinha e a igreja, 22º36´´46""S - 42º42´´50""W, 191 msm."
"MONUMENTO NATURAL MUNICIPAL DA SERRA DO SOARINHO","Angiosperms","Bignoniaceae","Tabebuia","roseoalba","(Ridl.) Sandwith","BIGNONIACEAE Tabebuia roseoalba (Ridl.) Sandwith","RFFP35301",,"RFFP","Damasceno, D.B.M.","983","Native","2024","Damasceno, D.B.M.","2024","Bronze","Ouro",,"Cachoeiras de Macacu","Soarinho, Monumento Natural Municipal da Serra do Soarinho, Núcleo Granada, Rodovia RJ 116, 22º36´´29""S - 42º44´´23""W, 25 msm."
"MONUMENTO NATURAL MUNICIPAL DA SERRA DO SOARINHO","Angiosperms","Bromeliaceae","Aechmea","fasciata","(Lindl.) Baker","BROMELIACEAE Aechmea fasciata (Lindl.) Baker","RFFP35292",,"RFFP","Damasceno, D.B.M.","955","Native","2024","Moura, R.L.","2024","Bronze","Ouro",,"Cachoeiras de Macacu","Soarinho, Monumento Natural Municipal da Serra do Soarinho, Núcleo Soarinho, Cachoeira Janela do Céu, 22º37´´01""S - 42º40´´59""W, 196 msm."
"MONUMENTO NATURAL MUNICIPAL DA SERRA DO SOARINHO","Angiosperms","Bromeliaceae","Aechmea","purpureorosea","(Hook.) Wawra","BROMELIACEAE Aechmea purpureorosea (Hook.) Wawra","RFFP35051",,"RFFP","Damasceno, D.B.M.","587","Native","2024","Kessous, I.","2024","Bronze","Ouro",,"Cachoeiras de Macacu","Soarinho, Monumento Natural Municipal da Serra do Soarinho, Núcleo Soarinho, 22º35´´43""S - 42º41´´35""W, 539 msm."
"MONUMENTO NATURAL MUNICIPAL DA SERRA DO SOARINHO","Angiosperms","Bromeliaceae","Edmundoa","lindenii","(Regel) Leme","BROMELIACEAE Edmundoa lindenii (Regel) Leme","RFFP36007",,"RFFP","Damasceno, D.B.M.","1000","Native","2024","Moura, R.L.","2024","Bronze","Ouro",,"Cachoeiras de Macacu","Brasil, Estado do Rio de Janeiro, Município de Cachoeiras de Macacu, Soarinho, Monumento Natural Municipal da Serra do Soarinho, Núcleo Soarinho, Cachoeira Janela do Céu, 22º37´´01""S - 42º40´´59""W, 196 msm."
"MONUMENTO NATURAL MUNICIPAL DA SERRA DO SOARINHO","Angiosperms","Bromeliaceae","Pitcairnia","flammea","Lindl.","BROMELIACEAE Pitcairnia flammea Lindl.","RFFP35052",,"RFFP","Damasceno, D.B.M.","638","Not_found_in_brazil","2024","Machado, D.N.S.","2024","Bronze","Ouro",,"Cachoeiras de Macacu","Soarinho, Monumento Natural Municipal da Serra do Soarinho, Núcleo Soarinho, Vale do Rio Soarinho, acesso pela escolinha e a igreja, 22º36´´33""S - 42º42´´28""W, 254 msm."
"MONUMENTO NATURAL MUNICIPAL DA SERRA DO SOARINHO","Angiosperms","Bromeliaceae","Tillandsia","usneoides","(L.) L.","BROMELIACEAE Tillandsia usneoides (L.) L.","RFFP36042",,"RFFP","Damasceno, D.B.M.","1039","Native","2024","Machado, D.N.S.","2024","Bronze","Ouro",,"Cachoeiras de Macacu","Brasil, Estado do Rio de Janeiro, Município de Cachoeiras de Macacu, Bertholdo, Monumento Natural Municipal da Serra do Soarinho, Núcleo Bertholdo, crescendo ao lado do córrego e da primeira ponte, 22º33´´39""S - 42º40´´52""W, 31 msm."
"MONUMENTO NATURAL MUNICIPAL DA SERRA DO SOARINHO","Angiosperms","Cactaceae","Rhipsalis","crispata","(Haw.) Pfeiff.","CACTACEAE Rhipsalis crispata (Haw.) Pfeiff.","RFFP35374",,"RFFP","Damasceno, D.B.M.","829","Native","2024","Gonzaga, D.R.","2024","Bronze","Ouro",,"Cachoeiras de Macacu","Brasil, Estado do Rio de Janeiro, Município de Cachoeiras de Macacu, Soarinho, Monumento Natural Municipal da Serra do Soarinho, Núcleo Soarinho, Vale do Rio Soarinho, acesso pela escolinha e a igreja, 22º36´´25""S - 42º41´´48""W, 330 msm."
"MONUMENTO NATURAL MUNICIPAL DA SERRA DO SOARINHO","Ferns and Lycophytes","Cactaceae","Schlumbergera","truncata","(Haw.) Moran","CACTACEAE Schlumbergera truncata (Haw.) Moran","RFFP35362",,"RFFP","Damasceno, D.B.M.","745","Native","2024","Gonzaga, D.R.","2024","Bronze","Ouro",,"Cachoeiras de Macacu","Brasil, Estado do Rio de Janeiro, Município de Cachoeiras de Macacu, Soarinho, Monumento Natural Municipal da Serra do Soarinho, Núcleo Soarinho, Vale do Rio Soarinho, acesso pela escolinha e a igreja, 22º36´´33""S - 42º42´´28""W, 254 msm."
"MONUMENTO NATURAL MUNICIPAL DA SERRA DO SOARINHO","Angiosperms","Caprifoliaceae","Valeriana","scandens","L.","CAPRIFOLIACEAE Valeriana scandens L.","RFFP35412",,"RFFP","Damasceno, D.B.M.","898","Native","2024","Damasceno, D.B.M.","2024","Bronze","Ouro",,"Cachoeiras de Macacu","Brasil, Estado do Rio de Janeiro, Município de Cachoeiras de Macacu, Bertholdo, Monumento Natural Municipal da Serra do Soarinho, Núcleo Soarinho, próximo à bifurcação, 22º35´´36""S - 42º39´´08""W, 230 msm."
"MONUMENTO NATURAL MUNICIPAL DA SERRA DO SOARINHO","Angiosperms","Convolvulaceae","Distimake","cissoides","(Lam.) A.R. Simões & Staples","CONVOLVULACEAE Distimake cissoides (Lam.) A.R. Simões & Staples","RFFP35416",,"RFFP","Damasceno, D.B.M.","904","Native","2024","Damasceno, D.B.M.","2024","Bronze","Ouro",,"Cachoeiras de Macacu","Brasil, Estado do Rio de Janeiro, Município de Cachoeiras de Macacu, Bertholdo, Monumento Natural Municipal da Serra do Soarinho, Núcleo Bertholdo, 22º33´´22""S - 42º39´´50""W, 59 msm."
"MONUMENTO NATURAL MUNICIPAL DA SERRA DO SOARINHO","Angiosperms","Convolvulaceae","Ipomoea","alba","L.","CONVOLVULACEAE Ipomoea alba L.","RFFP35855",,"RFFP","Damasceno, D.B.M.","720","Native","2024","Damasceno, D.B.M.","2024","Bronze","Ouro",,"Cachoeiras de Macacu","Japuíba, Monumento Natural Municipal da Serra do Soarinho, Núcleo Bertholdo, margem do Rio Macacu, 22º33´´32""S - 42º41´´34""W, 22 msm."
"MONUMENTO NATURAL MUNICIPAL DA SERRA DO SOARINHO","Angiosperms","Convolvulaceae","Ipomoea","batatas","(L.) Lam.","CONVOLVULACEAE Ipomoea batatas (L.) Lam.","RFFP35415",,"RFFP","Damasceno, D.B.M.","818","Native","2024","Damasceno, D.B.M.","2024","Bronze","Ouro",,"Cachoeiras de Macacu","Brasil, Estado do Rio de Janeiro, Município de Cachoeiras de Macacu, Soarinho, Monumento Natural Municipal da Serra do Soarinho, Núcleo Soarinho, Vale do Rio Soarinho, acesso pela escolinha e a igreja, 22º36´´33""S - 42º42´´28""W, 254 msm."
"MONUMENTO NATURAL MUNICIPAL DA SERRA DO SOARINHO","Angiosperms","Cyclanthaceae","Thoracocarpus","bissectus","(Vell.) Harling","CYCLANTHACEAE Thoracocarpus bissectus (Vell.) Harling","RFFP35236",,"RFFP","Damasceno, D.B.M.","812","Native","2024","Machado, D.N.S.","2024","Bronze","Ouro",,"Cachoeiras de Macacu","Soarinho, Monumento Natural Municipal da Serra do Soarinho, Núcleo Bertholdo, antes da grande figueira, 22º34´´22""S - 42º37´´53""W, 346 msm."
"MONUMENTO NATURAL MUNICIPAL DA SERRA DO SOARINHO","Angiosperms","Dioscoreaceae","Dioscorea","sinuata","Vell.","DIOSCOREACEAE Dioscorea sinuata Vell.","RFFP35447",,"RFFP","Damasceno, D.B.M.","967","Native","2024","Fraga, F.R.M.","2024","Bronze","Ouro",,"Cachoeiras de Macacu","Brasil, Estado do Rio de Janeiro, Município de Cachoeiras de Macacu, Soarinho, Monumento Natural Municipal da Serra do Soarinho, Núcleo Soarinho, Próximo a Escolinha do Soarinho 22º36´´39""S - 42º40´´50""W, 200 msm."
"MONUMENTO NATURAL MUNICIPAL DA SERRA DO SOARINHO","Angiosperms","Eriocaulaceae","Tonina","fluviatilis","Aubl.","ERIOCAULACEAE Tonina fluviatilis Aubl.","RFFP35185",,"RFFP","Damasceno, D.B.M.","755","Native","2024","Lourenco, A.R.","2024","Bronze","Ouro",,"Cachoeiras de Macacu","Soarinho, Monumento Natural Municipal da Serra do Soarinho, Núcleo Soarinho, acima da Cachoeira Janela do Céu, 22º36´´57""S - 42º40´´42""W, 200 msm."
"MONUMENTO NATURAL MUNICIPAL DA SERRA DO SOARINHO","Angiosperms","Euphorbiaceae","Philyra","brasiliensis","Klotzsch","EUPHORBIACEAE Philyra brasiliensis Klotzsch","RFFP35806",,"RFFP","Damasceno, D.B.M.","643","Native","2024","Brasiliensis, P.","2024","Bronze","Ouro",,"Cachoeiras de Macacu","Brasil, Estado do Rio de Janeiro, Município de Cachoeiras de Macacu, Monumento Natural Municipal da Serra do Soarinho, Núcleo Bertholdo, margem da Rodovia RJ 126, 22º34´´24""S - 42°37´´46""W, 356 msm."
"MONUMENTO NATURAL MUNICIPAL DA SERRA DO SOARINHO","Angiosperms","Fabaceae","Jupunba","rhombea","(Benth.) M.V.B.Soares et al.","FABACEAE Jupunba rhombea (Benth.) M.V.B.Soares et al.","RFFP35212",,"RFFP","Damasceno, D.B.M.","786","Native","2024","Iganci, J.R.","2024","Bronze","Ouro",,"Cachoeiras de Macacu","Soarinho, Monumento Natural Municipal da Serra do Soarinho, Núcleo Soarinho, Vale do Rio Soarinho, acesso pela escolinha e a igreja, 22º36´´33""S - 42º42´´28""W, 254 msm."
"MONUMENTO NATURAL MUNICIPAL DA SERRA DO SOARINHO","Angiosperms","Fabaceae","Mimosa","diplotricha","C.Wright ex Sauvalle","FABACEAE Mimosa diplotricha var. diplotricha C.Wright ex Sauvalle","RFFP35213",,"RFFP","Damasceno, D.B.M.","787","Native","2024","Jordao, L.S.B.","2024","Bronze","Ouro",,"Cachoeiras de Macacu","Patis, Monumento Natural Municipal da Serra do Soarinho, Núcleo Patis, antes da entrada do Sítio dos Moreiras, 22º36´´52""S - 42º39´´34""W, 193 msm."
"MONUMENTO NATURAL MUNICIPAL DA SERRA DO SOARINHO","Angiosperms","Fabaceae","Mimosa","xanthocentra","Mart.","FABACEAE Mimosa xanthocentra var. xanthocentra Mart.","RFFP36170",,"RFFP","Damasceno, D.B.M.","1167","Native","2024","Jordao, L.S.B.","2024","Bronze","Ouro",,"Cachoeiras de Macacu","Brasil, Estado do Rio de Janeiro, Município de Cachoeiras de Macacu, Soarinho, Monumento Natural Municipal da Serra do Soarinho, Núcleo Soarinho, Estrada do Soarinho, trecho entre a Janela do Céu e a ponte, 22º36´´46""S - 42º40´´17""W, 200 msm."
"MONUMENTO NATURAL MUNICIPAL DA SERRA DO SOARINHO","Angiosperms","Gesneriaceae","Besleria","melancholica","(Vell.) C.V.Morton","GESNERIACEAE Besleria melancholica (Vell.) C.V.Morton","RFFP35810",,"RFFP","Damasceno, D.B.M.","648","Native","2024","Ferreira, G.E.","2024","Bronze","Ouro",,"Cachoeiras de Macacu","Brasil, Estado do Rio de Janeiro, Município de Cachoeiras de Macacu, Monumento Natural Municipal da Serra do Soarinho, Núcleo Bertholdo, após o bambuzal nos 2 portões verdes, 22º34´´44""S - 42º38´´22""W, 398 msm."
"MONUMENTO NATURAL MUNICIPAL DA SERRA DO SOARINHO","Angiosperms","Hernandiaceae","Sparattanthelium","tupiniquinorum","Mart.","HERNANDIACEAE Sparattanthelium tupiniquinorum Mart.","RFFP35820",,"RFFP","Damasceno, D.B.M.","668","Native","2024","Rosario, C.S.","2024","Bronze","Ouro",,"Cachoeiras de Macacu","Brasil, Estado do Rio de Janeiro, Município de Cachoeiras de Macacu, Derribada, Monumento Natural Municipal da Serra do Soarinho, Núcleo Granada, Rodovia RJ 116, 22º38´´55""S - 42º44´´03""W, 28 msm."
"MONUMENTO NATURAL MUNICIPAL DA SERRA DO SOARINHO","Angiosperms","Lentibulariaceae","Utricularia","gibba","L.","LENTIBULARIACEAE Utricularia gibba L.","RFFP35852",,"RFFP","Damasceno, D.B.M.","716","Native","2024","Damasceno, D.B.M.","2024","Bronze","Ouro",,"Cachoeiras de Macacu","Pedra Branca, Monumento Natural Municipal da Serra do Soarinho, Núcleo Granada, Estrada da Pedra Branca, 22º37´´56""S - 42º44´´27""W, 39 msm."
"MONUMENTO NATURAL MUNICIPAL DA SERRA DO SOARINHO","Angiosperms","Malvaceae","Sida","plumosa","Cav.","MALVACEAE Sida plumosa Cav.","RFFP35786",,"RFFP","Damasceno, D.B.M.","612","Native","2024","Ferreira, D.","2024","Bronze","Ouro",,"Cachoeiras de Macacu","Brasil, Estado do Rio de Janeiro, Município de Cachoeiras de Macacu, Soarinho, Monumento Natural Municipal da Serra do Soarinho, Núcleo Cavada, trilha para a parte alta com acesso pelo Parque Terra Santa, 22º35´´12""S - 42°41´´15""W, 358 msm."
"MONUMENTO NATURAL MUNICIPAL DA SERRA DO SOARINHO","Angiosperms","Marantaceae","Goeppertia","arrabidae","(Körn.) Borchs. & S. Suárez","MARANTACEAE Goeppertia arrabidae (Körn.) Borchs. & S. Suárez","RFFP36173",,"RFFP","Damasceno, D.B.M.","1170","Native","2024","Fraga, F.R.M.","2024","Bronze","Ouro",,"Cachoeiras de Macacu","Brasil, Estado do Rio de Janeiro, Município de Cachoeiras de Macacu, Soarinho, Monumento Natural Municipal da Serra do Soarinho, Núcleo Soarinho, Vale do Rio Soarinho, trilha após a escola, 22º36´´46""S - 42º40´´47""W, 210 msm. Monumento Natural da Serra do Soarinho"
"MONUMENTO NATURAL MUNICIPAL DA SERRA DO SOARINHO","Angiosperms","Marantaceae","Maranta","cristata","Nees & Mart.","MARANTACEAE Maranta cristata Nees & Mart.","RFFP36092",,"RFFP","Damasceno, D.B.M.","1089","Native","2024","Machado, D.N.S.","2024","Bronze","Ouro",,"Cachoeiras de Macacu","Brasil, Estado do Rio de Janeiro, Município de Cachoeiras de Macacu, Soarinho, Monumento Natural Municipal da Serra do Soarinho, Núcleo Cavada, início da trilha para a parte alta, 22º34´´33""S - 42º41´´32""W, 39 msm."
"MONUMENTO NATURAL MUNICIPAL DA SERRA DO SOARINHO","Ferns and Lycophytes","Marantaceae","Stromanthe","tonckat","(Aubl.) Eichler","MARANTACEAE Stromanthe tonckat (Aubl.) Eichler","RFFP36174",,"RFFP","Damasceno, D.B.M.","1171","Native","2024","Machado, D.N.S.","2024","Bronze","Ouro",,"Cachoeiras de Macacu","Brasil, Estado do Rio de Janeiro, Município de Cachoeiras de Macacu, Soarinho, Monumento Natural Municipal da Serra do Soarinho, Núcleo Soarinho, Vale do Rio Soarinho, acesso pela escolinha e a igreja, 22º36´´46""S - 42º42´´50""W, 191 msm."
"MONUMENTO NATURAL MUNICIPAL DA SERRA DO SOARINHO","Angiosperms","Melastomataceae","Leandra","nianga","(DC.) Cogn.","MELASTOMATACEAE Leandra nianga (DC.) Cogn.","RFFP35446",,"RFFP","Damasceno, D.B.M.","963","Native","2024","Valente, B.","2024","Bronze","Ouro",,"Cachoeiras de Macacu","Brasil, Estado do Rio de Janeiro, Município de Cachoeiras de Macacu, Soarinho, Monumento Natural Municipal da Serra do Soarinho, Núcleo Soarinho, Vale do Rio Soarinho, acesso pela escolinha e a igreja, 22º36´´31""S - 42º42´´28""W, 228 msm."
"MONUMENTO NATURAL MUNICIPAL DA SERRA DO SOARINHO","Angiosperms","Melastomataceae","Pleroma","sellowianum","(Cham.) P.J.F.Guim. & Michelang.","MELASTOMATACEAE Pleroma sellowianum (Cham.) P.J.F.Guim. & Michelang.","RFFP36086",,"RFFP","Damasceno, D.B.M.","1083","Native","2024","Nunes, D.","2024","Bronze","Ouro",,"Cachoeiras de Macacu","Brasil, Estado do Rio de Janeiro, Município de Cachoeiras de Macacu, Soarinho, Monumento Natural Municipal da Serra do Soarinho, Núcleo Soarinho, Vale do Rio Soarinho, acesso pela escolinha e a igreja, 22º36´´46""S - 42º42´´50""W, 191 msm."
"MONUMENTO NATURAL MUNICIPAL DA SERRA DO SOARINHO","Angiosperms","Menispermaceae","Abuta","rufescens","Aubl.","MENISPERMACEAE Abuta rufescens Aubl.","RFFP35448",,"RFFP","Damasceno, D.B.M.","969","Native","2024","Moreira, P.F.F.","2024","Bronze","Ouro",,"Cachoeiras de Macacu","Brasil, Estado do Rio de Janeiro, Município de Cachoeiras de Macacu, Bertholdo, Monumento Natural Municipal da Serra do Soarinho, Núcleo Bertholdo, próximo ao Poço Véu da Amante, 22º34´´11""S - 42º38´´17""W, 206 msm."
"MONUMENTO NATURAL MUNICIPAL DA SERRA DO SOARINHO","Angiosperms","Menispermaceae","Cissampelos","andromorpha","DC.","MENISPERMACEAE Cissampelos andromorpha DC.","RFFP36044",,"RFFP","Damasceno, D.B.M.","1041","Native","2024","Moreira, P.F.F.","2024","Bronze","Ouro",,"Cachoeiras de Macacu","Brasil, Estado do Rio de Janeiro, Município de Cachoeiras de Macacu, Bertholdo, Monumento Natural Municipal da Serra do Soarinho, Núcleo Bertholdo, próximo ao Poço Véu da Amante, 22º34´´11""S - 42º38´´17""W, 206 msm."
"MONUMENTO NATURAL MUNICIPAL DA SERRA DO SOARINHO","Angiosperms","Menispermaceae","Odontocarya","acuparata","Miers","MENISPERMACEAE Odontocarya acuparata Miers","RFFP35761",,"RFFP","Damasceno, D.B.M.","578","Native","2024","Feliz, P.","2024","Bronze","Ouro",,"Cachoeiras de Macacu","Brasil, Estado do Rio de Janeiro, Município de Cachoeiras de Macacu, Soarinho, Monumento Natural Municipal da Serra do Soarinho, Núcleo Soarinho, 22º35´´43""S - 42º41´´35""W, 539 msm."
"MONUMENTO NATURAL MUNICIPAL DA SERRA DO SOARINHO","Angiosperms","Moraceae","Dorstenia","grazielae","Carauta, C.Valente & Sucre","MORACEAE Dorstenia grazielae Carauta, C.Valente & Sucre","RFFP35779",,"RFFP","Damasceno, D.B.M.","600","Native","2024","Moraes, R.A.S.M.","2024","Bronze","Ouro",,"Cachoeiras de Macacu","Brasil, Estado do Rio de Janeiro, Município de Cachoeiras de Macacu, Soarinho, Monumento Natural Municipal da Serra do Soarinho, Núcleo Soarinho, trilha para a parte alta com acesso pelo Vale, 22º36´´24""S - 42º41´´38""W, 321 msm."
"MONUMENTO NATURAL MUNICIPAL DA SERRA DO SOARINHO","Angiosperms","Moraceae","Ficus","castellviana","Dugand","MORACEAE Ficus castellviana Dugand","RFFP36323",,"RFFP","Machado, D.N.S.","3588","Native","2024","Moraes, R.A.S.M.","2024","Bronze","Ouro",,"Cachoeiras de Macacu","Brasil, Estado do Rio de Janeiro, Município de Cachoeiras de Macacu, Bertholdo, Monumento Natural Municipal da Serra do Soarinho, Núcleo Bertholdo, bifurcação dos bambus, rumo a Serra de Bertholdo, 22º35´´22""S - 42º38´´47""W, 239 msm."
"MONUMENTO NATURAL MUNICIPAL DA SERRA DO SOARINHO","Angiosperms","Moraceae","Sorocea","hilarii","Gaudich.","MORACEAE Sorocea hilarii Gaudich.","RFFP36175",,"RFFP","Damasceno, D.B.M.","1172","Native","2024","Moraes, R.A.S.M.","2024","Bronze","Ouro",,"Cachoeiras de Macacu","Brasil, Estado do Rio de Janeiro, Município de Cachoeiras de Macacu, Soarinho, Monumento Natural Municipal da Serra do Soarinho, Núcleo Soarinho, Vale do Rio Soarinho, acesso pela escolinha e a igreja, 22º36´´46""S - 42º42´´50""W, 191 msm."
"MONUMENTO NATURAL MUNICIPAL DA SERRA DO SOARINHO","Ferns and Lycophytes","Myrtaceae","Myrcia","carioca","A.R.Lourenço & E.Lucas","MYRTACEAE Myrcia carioca A.R.Lourenço & E.Lucas","RFFP35358",,"RFFP","Damasceno, D.B.M.","738","Native","2024","Fernandes, T.","2024","Bronze","Ouro",,"Cachoeiras de Macacu","Brasil, Estado do Rio de Janeiro, Município de Cachoeiras de Macacu, Soarinho, Monumento Natural Municipal da Serra do Soarinho, Núcleo Soarinho, Vale do Rio Soarinho, acesso pela escolinha e a igreja, 22º36´´33""S - 42º42´´28""W, 254 msm."
"MONUMENTO NATURAL MUNICIPAL DA SERRA DO SOARINHO","Ferns and Lycophytes","Myrtaceae","Myrcia","espiritosantensis","B.S.Amorim","MYRTACEAE Myrcia espiritosantensis B.S.Amorim","RFFP35800",,"RFFP","Damasceno, D.B.M.","635","Native","2024","Salgueirinho, T.F.S.","2024","Bronze","Ouro",,"Cachoeiras de Macacu","Brasil, Estado do Rio de Janeiro, Município de Cachoeiras de Macacu, Soarinho, Monumento Natural Municipal da Serra do Soarinho, Núcleo Soarinho, Vale do Rio Soarinho, acesso pela escolinha e a igreja, 22º36´´33""S - 42º42´´28""W, 254 msm."
"MONUMENTO NATURAL MUNICIPAL DA SERRA DO SOARINHO","Angiosperms","Myrtaceae","Myrcia","pubipetala","Miq.","MYRTACEAE Myrcia pubipetala Miq.","RFFP35359",,"RFFP","Damasceno, D.B.M.","739","Native","2024","Fernandes, T.","2024","Bronze","Ouro",,"Cachoeiras de Macacu","Brasil, Estado do Rio de Janeiro, Município de Cachoeiras de Macacu, Soarinho, Monumento Natural Municipal da Serra do Soarinho, Núcleo Soarinho, Vale do Rio Soarinho, acesso pela escolinha e a igreja, 22º36´´33""S - 42º42´´28""W, 254 msm."
"MONUMENTO NATURAL MUNICIPAL DA SERRA DO SOARINHO","Angiosperms","Myrtaceae","Myrciaria","floribunda","(H.West ex Willd.) O.Berg","MYRTACEAE Myrciaria floribunda (H.West ex Willd.) O.Berg","RFFP35389",,"RFFP","Damasceno, D.B.M.","855","Native","2024","Fernandes, T.","2024","Bronze","Ouro",,"Cachoeiras de Macacu","Brasil, Estado do Rio de Janeiro, Município de Cachoeiras de Macacu, Soarinho, Monumento Natural Municipal da Serra do Soarinho, Núcleo Soarinho, Cachoeira Janela do Céu, 22º37´´00""S - 42º40´´59""W, 182 msm."
"MONUMENTO NATURAL MUNICIPAL DA SERRA DO SOARINHO","Angiosperms","Nymphaeaceae","Nymphaea","pulchella","DC.","NYMPHAEACEAE Nymphaea pulchella DC.","RFFP35851",,"RFFP","Damasceno, D.B.M.","715","Native","2024","Moreira, A.D.R.","2024","Bronze","Ouro",,"Cachoeiras de Macacu","Pedra Branca, Monumento Natural Municipal da Serra do Soarinho, Núcleo Granada, Estrada da Pedra Branca, 22º37´´56""S - 42º44´´27""W, 39 msm."
"MONUMENTO NATURAL MUNICIPAL DA SERRA DO SOARINHO","Angiosperms","Ochnaceae","Ouratea","crassinervia","Engl.","OCHNACEAE Ouratea crassinervia Engl.","RFFP36077",,"RFFP","Damasceno, D.B.M.","1074","Native","2024","Deccache, L.S.J.","2024","Bronze","Ouro",,"Cachoeiras de Macacu","Brasil, Estado do Rio de Janeiro, Município de Cachoeiras de Macacu, Soarinho, Monumento Natural Municipal da Serra do Soarinho, Núcleo Soarinho, Vale do Rio Soarinho, acesso pela escolinha e a igreja, 22º36´´46""S - 42º42´´50""W, 191 msm."
"MONUMENTO NATURAL MUNICIPAL DA SERRA DO SOARINHO","Angiosperms","Orchidaceae","Aspidogyne","argentea","(Vell.) Garay","ORCHIDACEAE Aspidogyne argentea (Vell.) Garay","RFFP35440",,"RFFP","Damasceno, D.B.M.","953","Native","2024","Machado, D.N.S.","2024","Bronze","Ouro",,"Cachoeiras de Macacu","Brasil, Estado do Rio de Janeiro, Município de Cachoeiras de Macacu, Soarinho, Monumento Natural Municipal da Serra do Soarinho, Núcleo Soarinho, Cachoeira Janela do Céu, 22º36´´57""S - 42º40´´57""W, 141 msm."
"MONUMENTO NATURAL MUNICIPAL DA SERRA DO SOARINHO","Ferns and Lycophytes","Orchidaceae","Cyrtopodium","glutiniferum","Raddi","ORCHIDACEAE Cyrtopodium glutiniferum Raddi","RFFP35439",,"RFFP","Damasceno, D.B.M.","952","Native","2024","Machado, D.N.S.","2024","Bronze","Ouro",,"Cachoeiras de Macacu","Brasil, Estado do Rio de Janeiro, Município de Cachoeiras de Macacu, Soarinho, Monumento Natural Municipal da Serra do Soarinho, Núcleo Soarinho, Cachoeira Janela do Céu, 22º37´´01""S - 42º40´´59""W, 196 msm."
"MONUMENTO NATURAL MUNICIPAL DA SERRA DO SOARINHO","Angiosperms","Orchidaceae","Galeandra","beyrichii","Rchb.f.","ORCHIDACEAE Galeandra beyrichii Rchb.f.","RFFP35791",,"RFFP","Damasceno, D.B.M.","620","Native","2024","Comunello, T.","2024","Bronze","Ouro",,"Cachoeiras de Macacu","Brasil, Estado do Rio de Janeiro, Município de Cachoeiras de Macacu, Soarinho, Monumento Natural Municipal da Serra do Soarinho, Núcleo Soarinho, Vale do Rio Soarinho, acesso pela escolinha e a igreja, 22º36´´04""S - 42º41´´36""W, 396 msm."
"MONUMENTO NATURAL MUNICIPAL DA SERRA DO SOARINHO","Angiosperms","Orchidaceae","Prescottia","plantaginifolia","Lindl. ex Hook.","ORCHIDACEAE Prescottia plantaginifolia Lindl. ex Hook.","RFFP35399",,"RFFP","Damasceno, D.B.M.","877","Native","2024","Machado, D.N.S.","2024","Bronze","Ouro",,"Cachoeiras de Macacu","Brasil, Estado do Rio de Janeiro, Município de Cachoeiras de Macacu, Bertholdo, Monumento Natural Municipal da Serra do Soarinho, Núcleo Bertholdo, 22º34´´17""S - 42º38´´11""W, 286 msm."
"MONUMENTO NATURAL MUNICIPAL DA SERRA DO SOARINHO","Angiosperms","Orchidaceae","Sacoila","lanceolata","(Aubl.) Garay","ORCHIDACEAE Sacoila lanceolata (Aubl.) Garay","RFFP35435",,"RFFP","Damasceno, D.B.M.","938","Native","2024","Machado, D.N.S.","2024","Bronze","Ouro",,"Cachoeiras de Macacu","Brasil, Estado do Rio de Janeiro, Município de Cachoeiras de Macacu, Soarinho, Monumento Natural Municipal da Serra do Soarinho, Núcleo Cavada, acesso pelo Parque Terra Santa, trilha para a parte alta, 22º35´´42""S - 42º41´´38""W, 559 msm."
"MONUMENTO NATURAL MUNICIPAL DA SERRA DO SOARINHO","Angiosperms","Passifloraceae","Passiflora","amethystina","J.C.Mikan","PASSIFLORACEAE Passiflora amethystina J.C.Mikan","RFFP35429",,"RFFP","Damasceno, D.B.M.","928","Native","2024","Medeiros, A.M.L.","2024","Bronze","Ouro",,"Cachoeiras de Macacu","Brasil, Estado do Rio de Janeiro, Município de Cachoeiras de Macacu, Bertholdo, Monumento Natural Municipal da Serra do Soarinho, Núcleo Bertholdo, 22º34´´43""S - 42º38´´20""W, 403 msm."
"MONUMENTO NATURAL MUNICIPAL DA SERRA DO SOARINHO","Angiosperms","Passifloraceae","Passiflora","campanulata","Mast.","PASSIFLORACEAE Passiflora campanulata Mast.","RFFP35814",,"RFFP","Damasceno, D.B.M.","655","Native","2024","Medeiros, A.M.L.","2024","Bronze","Ouro",,"Cachoeiras de Macacu","Brasil, Estado do Rio de Janeiro, Município de Cachoeiras de Macacu, Soarinho, Monumento Natural Municipal da Serra do Soarinho, Núcleo Soarinho, 22º36´´24""S - 42º41´´38""W, 321 msm."
"MONUMENTO NATURAL MUNICIPAL DA SERRA DO SOARINHO","Angiosperms","Passifloraceae","Passiflora","misera","Kunth","PASSIFLORACEAE Passiflora misera Kunth","RFFP35771",,"RFFP","Damasceno, D.B.M.","589","Native","2024","Medeiros, A.M.L.","2024","Bronze","Ouro",,"Cachoeiras de Macacu","Brasil, Estado do Rio de Janeiro, Município de Cachoeiras de Macacu, Soarinho, Monumento Natural Municipal da Serra do Soarinho, Núcleo Cavada, 22º36´´02""S - 42º42´´11""W, 395 msm."
"MONUMENTO NATURAL MUNICIPAL DA SERRA DO SOARINHO","Angiosperms","Poaceae","Acroceras","zizanioides","(Kunth) Dandy","POACEAE Acroceras zizanioides (Kunth) Dandy","RFFP36164",,"RFFP","Damasceno, D.B.M.","1160","Native","2024","Machado, D.N.S.","2024","Bronze","Ouro",,"Cachoeiras de Macacu","Brasil, Estado do Rio de Janeiro, Município de Cachoeiras de Macacu, Patis, Monumento Natural Municipal da Serra do Soarinho, Núcleo Patis, Rodovia RJ 126, trecho entre o Posto Ypiranga e a Base Operacional da Petrobrás, 22º34´´48""S - 42º36´´42""W, 167 msm."
"MONUMENTO NATURAL MUNICIPAL DA SERRA DO SOARINHO","Angiosperms","Polygalaceae","Bredemeyera","hebeclada","(DC.) J.F.B.Pastore","POLYGALACEAE Bredemeyera hebeclada (DC.) J.F.B.Pastore","RFFP35821",,"RFFP","Damasceno, D.B.M.","672","Native","2024","Damasceno, D.B.M.","2024","Bronze","Ouro",,"Cachoeiras de Macacu","Brasil, Estado do Rio de Janeiro, Município de Cachoeiras de Macacu, Pedra Branca, Monumento Natural Municipal da Serra do Soarinho, Núcleo Granada, acesso pela Estrada Pedra Branca, ao lado do Rio Soarinho, 22º37´´05""S - 42º44´´27""W, 24 msm."
"MONUMENTO NATURAL MUNICIPAL DA SERRA DO SOARINHO","Angiosperms","Polygalaceae","Diclidanthera","laurifolia","Mart.","POLYGALACEAE Diclidanthera laurifolia Mart.","RFFP35432",,"RFFP","Damasceno, D.B.M.","933","Native","2024","Damasceno, D.B.M.","2024","Bronze","Ouro",,"Cachoeiras de Macacu","Brasil, Estado do Rio de Janeiro, Município de Cachoeiras de Macacu, Soarinho, Monumento Natural Municipal da Serra do Soarinho, Núcleo Cavada, acesso pelo Parque Terra Santa, trilha para a parte alta, 22º34´´31""S - 42º41´´34""W, 39 msm. Monumento Natural da Serra do Soarinho"
"MONUMENTO NATURAL MUNICIPAL DA SERRA DO SOARINHO","Angiosperms","Pteridaceae","Adiantum","pentadactylon","Langsd. & Fisch.","PTERIDACEAE Adiantum pentadactylon Langsd. & Fisch.","RFFP35414",,"RFFP","Damasceno, D.B.M.","859","Native","2024","Santos, M.G.","2024","Bronze","Ouro",,"Cachoeiras de Macacu","Brasil, Estado do Rio de Janeiro, Município de Cachoeiras de Macacu, Soarinho, Monumento Natural Municipal da Serra do Soarinho, Núcleo Soarinho, Cachoeira Janela do Céu, 22º36´´59""S - 42º40´´58""W, 176 msm."
"MONUMENTO NATURAL MUNICIPAL DA SERRA DO SOARINHO","Angiosperms","Rubiaceae","Sabicea","villosa","Willd. ex Schult.","RUBIACEAE Sabicea villosa Willd. ex Schult.","RFFP35857",,"RFFP","Damasceno, D.B.M.","723","Native","2024","Benedito, A.","2024","Bronze","Ouro",,"Cachoeiras de Macacu","Pedra Branca, Monumento Natural Municipal da Serra do Soarinho, Núcleo Granada, Estrada da Pedra Branca, km 15, perto do posto de gasolina, 22º38´´07""S - 42º43´´49""W, 44 msm."
"MONUMENTO NATURAL MUNICIPAL DA SERRA DO SOARINHO","Angiosperms","Sapindaceae","Urvillea","glabra","Cambess.","SAPINDACEAE Urvillea glabra Cambess.","RFFP36084",,"RFFP","Damasceno, D.B.M.","1081","Native","2024","Damasceno, D.B.M.","2024","Bronze","Ouro",,"Cachoeiras de Macacu","Brasil, Estado do Rio de Janeiro, Município de Cachoeiras de Macacu, Soarinho, Monumento Natural Municipal da Serra do Soarinho, Núcleo Soarinho, Vale do Rio Soarinho, acesso pela escolinha e a igreja, 22º36´´46""S - 42º42´´50""W, 191 msm. Monumento Natural da Serra do Soarinho"
"MONUMENTO NATURAL MUNICIPAL DA SERRA DO SOARINHO","Angiosperms","Smilacaceae","Smilax","campestris","Griseb.","SMILACACEAE Smilax campestris Griseb.","RFFP35798",,"RFFP","Damasceno, D.B.M.","633","Native","2024","Machado, D.N.S.","2024","Bronze","Ouro",,"Cachoeiras de Macacu","Brasil, Estado do Rio de Janeiro, Município de Cachoeiras de Macacu, Soarinho, Monumento Natural Municipal da Serra do Soarinho, Núcleo Soarinho, Vale do Rio Soarinho, acesso pela escolinha e a igreja, 22º36´´33""S - 42º42´´28""W, 254 msm."
"MONUMENTO NATURAL MUNICIPAL DA SERRA DO SOARINHO","Angiosperms","Smilacaceae","Smilax","japicanga","Griseb.","SMILACACEAE Smilax japicanga Griseb.","RFFP35781",,"RFFP","Damasceno, D.B.M.","602","Native","2024","Damasceno, D.B.M.","2024","Bronze","Ouro",,"Cachoeiras de Macacu","Brasil, Estado do Rio de Janeiro, Município de Cachoeiras de Macacu, Soarinho, Monumento Natural Municipal da Serra do Soarinho, Núcleo Soarinho, parte alta, 22º35´´31""S - 42º41´´07""W, 589 msm."
"MONUMENTO NATURAL MUNICIPAL DA SERRA DO SOARINHO","Angiosperms","Smilacaceae","Smilax","stenophylla","A.DC.","SMILACACEAE Smilax stenophylla A.DC.","RFFP35397",,"RFFP","Damasceno, D.B.M.","871","Native","2024","Machado, D.N.S.","2024","Bronze","Ouro",,"Cachoeiras de Macacu","Brasil, Estado do Rio de Janeiro, Município de Cachoeiras de Macacu, Derribada, Monumento Natural Municipal da Serra do Soarinho, Núcleo Granada, estrada para Rio Bonito, no alagado, 22º40´´09""S - 42º42´´14""W, 95 msm."
"MONUMENTO NATURAL MUNICIPAL DA SERRA DO SOARINHO","Angiosperms","Solanaceae","Brunfelsia","hydrangeiformis","(Pohl) Benth.","SOLANACEAE Brunfelsia hydrangeiformis (Pohl) Benth.","RFFP36100",,"RFFP","Damasceno, D.B.M.","1097","Native","2024","Deccache, L.S.J.","2024","Bronze","Ouro",,"Cachoeiras de Macacu","Brasil, Estado do Rio de Janeiro, Município de Cachoeiras de Macacu, Soarinho, Monumento Natural Municipal da Serra do Soarinho, Núcleo Soarinho, Cachoeira Janela do Céu, 22º37´´01""S - 42º40´´59""W, 196 msm."
"MONUMENTO NATURAL MUNICIPAL DA SERRA DO SOARINHO","Angiosperms","Solanaceae","Solanum","cernuum","Vell.","SOLANACEAE Solanum cernuum Vell.","RFFP35859",,"RFFP","Damasceno, D.B.M.","726","Native","2024","Damasceno, D.B.M.","2024","Bronze","Ouro",,"Cachoeiras de Macacu","Japuíba, Monumento Natural Municipal da Serra do Soarinho, Núcleo Bertholdo, margem da Rodovia RJ 116, 22º34´´08""S - 42º41´´23""W, 29 msm."
"MONUMENTO NATURAL MUNICIPAL DA SERRA DO SOARINHO","Angiosperms","Trigoniaceae","Trigonia","nivea","Cambess.","TRIGONIACEAE Trigonia nivea Cambess.","RFFP35822",,"RFFP","Damasceno, D.B.M.","674","Native","2024","Damasceno, D.B.M.","2024","Bronze","Ouro",,"Cachoeiras de Macacu","Brasil, Estado do Rio de Janeiro, Município de Cachoeiras de Macacu, Pedra Branca, Monumento Natural Municipal da Serra do Soarinho, Núcleo Granada, acesso pela Estrada Pedra Branca, ao lado do Rio Soarinho, 22º37´´05""S - 42º44´´27""W, 24 msm."
"MONUMENTO NATURAL MUNICIPAL DA SERRA DO SOARINHO","Angiosperms","Xyridaceae","Xyris","jupicai","Rich.","XYRIDACEAE Xyris jupicai Rich.","RFFP35743",,"RFFP","Damasceno, D.B.M.","555","Native","2024","Machado, D.N.S.","2024","Bronze","Ouro",,"Cachoeiras de Macacu","Brasil, Estado do Rio de Janeiro, Município de Cachoeiras de Macacu, Soarinho, Monumento Natural Municipal da Serra do Soarinho, Núcleo Bertholdo, margem da Rodovia RJ 126, próximo à entrada da Cachoeira do Jordão, 22º34´´06""S - 42°39´´03""W, 108 msm."
"MONUMENTO NATURAL MUNICIPAL DA SERRA DO SOARINHO","Angiosperms","Myrtaceae","Eugenia","regia","Bünger & Sobral","MYRTACEAE Eugenia regia Bünger & Sobral","RFFP35593",,"RFFP","Damasceno, D.B.M.","335","Native","2023","Fernandes, T.","2026","Bronze","Ouro",,"Cachoeiras de Macacu","Brasil, Estado do Rio de Janeiro, Município de Cachoeiras de Macacu, Soarinho, Monumento Natural Municipal, da Serra do Soarinho, Núcleo Soarinho, 22º36´´16""S - 42º39´´37""W, 221 msm. Monumento Natural da Serra do Soarinho"
"MONUMENTO NATURAL MUNICIPAL DA SERRA DO SOARINHO","Angiosperms","Apocynaceae","Prestonia","didyma","(Vell.) Woodson","APOCYNACEAE Prestonia didyma (Vell.) Woodson","RFFP34981",,"RFFP","Damasceno, D.B.M.","458","Native","2023","Goes, M.B.","2024","Bronze","Ouro",,"Cachoeiras de Macacu","Soarinho, Monumento Natural Municipal da Serra do Soarinho, Núcleo Soarinho, próximo ao Sítio Verde, 22º37´´19""S - 42º41´´38""W, 67 msm."
"MONUMENTO NATURAL MUNICIPAL DA SERRA DO SOARINHO","Angiosperms","Polypodiaceae","Campyloneurum","nitidum","(Kaulf.) C.Presl","POLYPODIACEAE Campyloneurum nitidum (Kaulf.) C.Presl","RFFP36076",,"RFFP","Damasceno, D.B.M.","1073","Native","2023","Santos, M.G.","2024","Bronze","Ouro",,"Cachoeiras de Macacu","Brasil, Estado do Rio de Janeiro, Município de Cachoeiras de Macacu, Soarinho, Monumento Natural Municipal da Serra do Soarinho, Núcleo Soarinho, Vale do Rio Soarinho, acesso pela escolinha e a igreja, 22º36´´46""S - 42º42´´50""W, 191 msm."
"MONUMENTO NATURAL MUNICIPAL DA SERRA DO SOARINHO","Angiosperms","Smilacaceae","Smilax","elastica","Griseb.","SMILACACEAE Smilax elastica Griseb.","RFFP35713",,"RFFP","Damasceno, D.B.M.","511","Native","2023","Machado, D.N.S.","2024","Bronze","Ouro",,"Cachoeiras de Macacu","Brasil, Estado do Rio de Janeiro, Município de Cachoeiras de Macacu, Soarinho, Monumento Natural Municipal da Serra do Soarinho, Núcleo Bertholdo, margem da Rodovia RJ 126, próximo ao acesso para Patis, 22º35´´35""S - 42°35´´59""W, 65 msm."
"MONUMENTO NATURAL MUNICIPAL DA SERRA DO SOARINHO","Angiosperms","Acanthaceae","Mendoncia","puberula","Mart.","ACANTHACEAE Mendoncia puberula Mart.","RFFP34948",,"RFFP","Damasceno, D.B.M.","464","Native","2023","Damasceno, D.B.M.","2023","Bronze","Ouro",,"Cachoeiras de Macacu","Soarinho, Monumento Natural Municipal da Serra do Soarinho, Núcleo Soarinho, 22º36´´28""S - 42º41´´24""W, 335 msm."
"MONUMENTO NATURAL MUNICIPAL DA SERRA DO SOARINHO","Angiosperms","Acanthaceae","Mendoncia","velloziana","Mart.","ACANTHACEAE Mendoncia velloziana Mart.","RFFP34947",,"RFFP","Damasceno, D.B.M.","452","Native","2023","Damasceno, D.B.M.","2023","Bronze","Ouro",,"Cachoeiras de Macacu","Soarinho, Monumento Natural Municipal da Serra do Soarinho, Núcleo Bertholdo, margem da Rodovia RJ 126, 22º34´´24""S - 42°37´´46""W, 356 msm."
"MONUMENTO NATURAL MUNICIPAL DA SERRA DO SOARINHO","Angiosperms","Alstroemeriaceae","Bomarea","edulis","(Tussac) Herb.","ALSTROEMERIACEAE Bomarea edulis (Tussac) Herb.","RFFP34954",,"RFFP","Damasceno, D.B.M.","232","Native","2023","Machado, D.N.S.","2023","Bronze","Ouro",,"Cachoeiras de Macacu","Soarinho, Monumento Natural Municipal da Serra do Soarinho, Núcleo Soarinho, 22º36´´28""S - 42º41´´24""W, 335 msm."
"MONUMENTO NATURAL MUNICIPAL DA SERRA DO SOARINHO","Angiosperms","Apocynaceae","Oxypetalum","alpinum","(Vell.) Fontella","APOCYNACEAE Oxypetalum alpinum (Vell.) Fontella","RFFP34979",,"RFFP","Damasceno, D.B.M.","512","Native","2023","Farinaccio, M.A.","2023","Bronze","Ouro",,"Cachoeiras de Macacu","Soarinho, Monumento Natural Municipal da Serra do Soarinho, Núcleo Bertholdo, margem da Rodovia RJ 126, próximo ao acesso para Patis, 22º35´´35""S - 42°35´´59""W, 65 msm."
"MONUMENTO NATURAL MUNICIPAL DA SERRA DO SOARINHO","Angiosperms","Araceae","Anthurium","scandens","(Aubl.) Engl.","ARACEAE Anthurium scandens (Aubl.) Engl.","RFFP34962",,"RFFP","Damasceno, D.B.M.","322","Native","2023","Machado, D.N.S.","2023","Bronze","Ouro",,"Cachoeiras de Macacu","Soarinho, Monumento Natural Municipal da Serra do Soarinho, Núcleo Cavada, 22º35´´19""S - 42º39´´30""W, 332 msm."
"MONUMENTO NATURAL MUNICIPAL DA SERRA DO SOARINHO","Angiosperms","Araceae","Anthurium","solitarium","Schott","ARACEAE Anthurium solitarium Schott","RFFP34961",,"RFFP","Damasceno, D.B.M.",,"Native","2023","Machado, D.N.S.","2023","Bronze","Ouro",,"Cachoeiras de Macacu","Soarinho, Monumento Natural Municipal da Serra do Soarinho, Núcleo Cavada, trilha para a parte alta com acesso pelo Parque Terra Santa, 22º35´´12""S - 42°41´´15""W, 358 msm."
"MONUMENTO NATURAL MUNICIPAL DA SERRA DO SOARINHO","Ferns and Lycophytes","Araceae","Philodendron","eximium","Schott","ARACEAE Philodendron eximium Schott","RFFP34960",,"RFFP","Damasceno, D.B.M.","477","Native","2023","Machado, D.N.S.","2023","Bronze","Ouro",,"Cachoeiras de Macacu","Soarinho, Monumento Natural Municipal da Serra do Soarinho, Núcleo Soarinho, área alagada na parte montana, 22º35´´34""S - 42º41´´03""W, 596 msm."
"MONUMENTO NATURAL MUNICIPAL DA SERRA DO SOARINHO","Angiosperms","Araceae","Philodendron","hatschbachii","Nadruz & Mayo","ARACEAE Philodendron hatschbachii Nadruz & Mayo","RFFP34963",,"RFFP","Damasceno, D.B.M.","289","Native","2023","Dutra Junior, D.L.S.","2023","Bronze","Ouro",,"Cachoeiras de Macacu","Soarinho, Monumento Natural Municipal da Serra do Soarinho, Núcleo Cavada, 22º35´´19""S - 42º39´´30""W, 332 msm."
"MONUMENTO NATURAL MUNICIPAL DA SERRA DO SOARINHO","Angiosperms","Asteraceae","Grazielia","gaudichaudeana","(DC.) R.M.King & H.Rob.","ASTERACEAE Grazielia gaudichaudeana (DC.) R.M.King & H.Rob.","RFFP34996",,"RFFP","Damasceno, D.B.M.","428","Native","2023","Nakagima, J.","2023","Bronze","Ouro",,"Cachoeiras de Macacu","Soarinho, Monumento Natural Municipal da Serra do Soarinho, Núcleo Granada, 22º39´´39""S – 42º43´´06""W, 82 msm."
"MONUMENTO NATURAL MUNICIPAL DA SERRA DO SOARINHO","Angiosperms","Asteraceae","Mikania","hirsutissima","DC.","ASTERACEAE Mikania hirsutissima DC.","RFFP35010",,"RFFP","Damasceno, D.B.M.","236","Native","2023","Oliveira, C.T.","2023","Bronze","Ouro",,"Cachoeiras de Macacu","Soarinho, Monumento Natural Municipal da Serra do Soarinho, Núcleo Soarinho, 22º36´´28""S - 42º41´´24""W, 335 msm."
"MONUMENTO NATURAL MUNICIPAL DA SERRA DO SOARINHO","Angiosperms","Asteraceae","Mikania","ternata","(Vell.) B.L.Rob.","ASTERACEAE Mikania ternata (Vell.) B.L.Rob.","RFFP34997",,"RFFP","Damasceno, D.B.M.","448","Native","2023","Vital, E.","2023","Bronze","Ouro",,"Cachoeiras de Macacu","Soarinho, Monumento Natural Municipal da Serra do Soarinho, Núcleo Bertholdo, margem da Rodovia RJ 126, 22º34´´24""S - 42°37´´46""W, 356 msm."
"MONUMENTO NATURAL MUNICIPAL DA SERRA DO SOARINHO","Angiosperms","Bignoniaceae","Adenocalymma","hirtum","(Mart. ex DC.) Bureau & K.Schum.","BIGNONIACEAE Adenocalymma hirtum (Mart. ex DC.) Bureau & K.Schum.","RFFP35065",,"RFFP","Damasceno, D.B.M.","219","Native","2023","Fonseca, L.H.M.","2023","Bronze","Ouro",,"Cachoeiras de Macacu","Soarinho, Monumento Natural Municipal da Serra do Soarinho, Núcleo Granada, RJ-116 (Rodovia Presidente João Goulart), 22º35´´21""S - 42º39´´23""W, 22 msm."
"MONUMENTO NATURAL MUNICIPAL DA SERRA DO SOARINHO","Angiosperms","Bignoniaceae","Amphilophium","crucigerum","(L.) L.G.Lohmann","BIGNONIACEAE Amphilophium crucigerum (L.) L.G.Lohmann","RFFP35133",,"RFFP","Damasceno, D.B.M.","252","Native","2023","Damasceno, D.B.M.","2023","Bronze","Ouro",,"Cachoeiras de Macacu","Soarinho, Monumento Natural Municipal da Serra do Soarinho, Núcleo Soarinho, 22º36´´28´´´´S - 42º41´´24´´´´W, 335 msm."
"MONUMENTO NATURAL MUNICIPAL DA SERRA DO SOARINHO","Angiosperms","Bignoniaceae","Anemopaegma","chamberlaynii","(Sims) Bureau & K.Schum.","BIGNONIACEAE Anemopaegma chamberlaynii (Sims) Bureau & K.Schum.","RFFP35156",,"RFFP","Damasceno, D.B.M.","316","Native","2023","Damasceno, D.B.M.","2023","Bronze","Ouro",,"Cachoeiras de Macacu","Soarinho, Monumento Natural Municipal da Serra do Soarinho, Núcleo Granada, 22º34´´28""S - 42º41´´36""W, 55 msm."
"MONUMENTO NATURAL MUNICIPAL DA SERRA DO SOARINHO","Angiosperms","Bignoniaceae","Bignonia","binata","Thunb.","BIGNONIACEAE Bignonia binata Thunb.","RFFP35119",,"RFFP","Damasceno, D.B.M.","367","Native","2023","Damasceno, D.B.M.","2023","Bronze","Ouro",,"Cachoeiras de Macacu","Soarinho, Monumento Natural Municipal da Serra do Soarinho, Núcleo Soarinho, 22º35´´59""S - 42º44´´05""W, 17 msm."
"MONUMENTO NATURAL MUNICIPAL DA SERRA DO SOARINHO","Angiosperms","Bignoniaceae","Bignonia","campanulata","Cham.","BIGNONIACEAE Bignonia campanulata Cham.","RFFP35118",,"RFFP","Damasceno, D.B.M.","387","Native","2023","Damasceno, D.B.M.","2023","Bronze","Ouro",,"Cachoeiras de Macacu","Soarinho, Monumento Natural Municipal da Serra do Soarinho, Núcleo Soarinho, Estrada do Soarinho, 22º37´´08""S - 42º31´´30""W, 105 msm."
"MONUMENTO NATURAL MUNICIPAL DA SERRA DO SOARINHO","Angiosperms","Bignoniaceae","Dolichandra","unguiculata","(Vell.) L.G.Lohmann","BIGNONIACEAE Dolichandra unguiculata (Vell.) L.G.Lohmann","RFFP35105",,"RFFP","Damasceno, D.B.M.","406","Native","2023","Damasceno, D.B.M.","2023","Bronze","Ouro",,"Cachoeiras de Macacu","Soarinho, Monumento Natural Municipal da Serra do Soarinho, Núcleo Soarinho, área da Janela do Céu, 22°37´´00""S, 42°41´´01""W, 185 msm."
"MONUMENTO NATURAL MUNICIPAL DA SERRA DO SOARINHO","Angiosperms","Bignoniaceae","Fridericia","speciosa","Mart.","BIGNONIACEAE Fridericia speciosa Mart.","RFFP35153",,"RFFP","Damasceno, D.B.M.","485","Native","2023","Damasceno, D.B.M.","2023","Bronze","Ouro",,"Cachoeiras de Macacu","Soarinho, Monumento Natural Municipal da Serra do Soarinho, Núcleo Soarinho, colina a frente da entrada do Sítio Verde, 22º37´´19""S - 42º41´´38""W, 67 msm."
"MONUMENTO NATURAL MUNICIPAL DA SERRA DO SOARINHO","Angiosperms","Bignoniaceae","Tynanthus","cognatus","(Cham.) Miers","BIGNONIACEAE Tynanthus cognatus (Cham.) Miers","RFFP35149",,"RFFP","Damasceno, D.B.M.","449","Native","2023","Damasceno, D.B.M.","2023","Bronze","Ouro",,"Cachoeiras de Macacu","Soarinho, Monumento Natural Municipal da Serra do Soarinho, Núcleo Bertholdo, margem da Rodovia RJ 126, 22º33´´39""S - 42°39´´32""W, 62 msm."
"MONUMENTO NATURAL MUNICIPAL DA SERRA DO SOARINHO","Angiosperms","Bignoniaceae","Xylophragma","myrianthum","(Cham.) Sprague","BIGNONIACEAE Xylophragma myrianthum (Cham.) Sprague","RFFP35112",,"RFFP","Damasceno, D.B.M.","410","Native","2023","Damasceno, D.B.M.","2023","Bronze","Ouro",,"Cachoeiras de Macacu","Soarinho, Monumento Natural Municipal da Serra do Soarinho, Núcleo Soarinho, 22º39´´04""S - 42º39´´25""W, 196 msm."
"MONUMENTO NATURAL MUNICIPAL DA SERRA DO SOARINHO","Angiosperms","Convolvulaceae","Distimake","aegyptius","(L.) A.R. Simões & Staples","CONVOLVULACEAE Distimake aegyptius (L.) A.R. Simões & Staples","RFFP35643",,"RFFP","Damasceno, D.B.M.","404","Native","2023","Damasceno, D.B.M.","2023","Bronze","Ouro",,"Cachoeiras de Macacu","Brasil, Estado do Rio de Janeiro, Município de Cachoeiras de Macacu, Soarinho, Monumento Natural Municipal da Serra do Soarinho, Núcleo Soarinho, 22°37´´00""S, 42°41´´01""W, 185 msm."
"MONUMENTO NATURAL MUNICIPAL DA SERRA DO SOARINHO","Angiosperms","Convolvulaceae","Distimake","macrocalyx","(Ruiz & Pav.) A.R. Simões & Staples","CONVOLVULACEAE Distimake macrocalyx (Ruiz & Pav.) A.R. Simões & Staples","RFFP35553",,"RFFP","Damasceno, D.B.M.","280","Native","2023","Damasceno, D.B.M.","2023","Bronze","Ouro",,"Cachoeiras de Macacu","Brasil, Estado do Rio de Janeiro, Município de Cachoeiras de Macacu, Soarinho, Monumento Natural Municipal da Serra do Soarinho, Núcleo Soarinho, 22º36´´16""S - 42º39´´37""W, 221 msm."
"MONUMENTO NATURAL MUNICIPAL DA SERRA DO SOARINHO","Angiosperms","Convolvulaceae","Ipomoea","bahiensis","Willd. ex Roem. & Schult.","CONVOLVULACEAE Ipomoea bahiensis Willd. ex Roem. & Schult.","RFFP35683",,"RFFP","Damasceno, D.B.M.","467","Native","2023","Belo, D.P.","2023","Bronze","Ouro",,"Cachoeiras de Macacu","Soarinho, Monumento Natural Municipal da Serra do Soarinho, Núcleo Soarinho, 22º35´´34""S - 42º41´´03""W, 596 msm. Monumento Natural da Serra do Soarinho"
"MONUMENTO NATURAL MUNICIPAL DA SERRA DO SOARINHO","Angiosperms","Convolvulaceae","Ipomoea","daturiflora","Meisn.","CONVOLVULACEAE Ipomoea daturiflora Meisn.","RFFP35712",,"RFFP","Damasceno, D.B.M.","510","Native","2023","Belo, D.P.","2023","Bronze","Ouro",,"Cachoeiras de Macacu","Brasil, Estado do Rio de Janeiro, Município de Cachoeiras de Macacu, Soarinho, Monumento Natural Municipal da Serra do Soarinho, Núcleo Bertholdo, margem da Rodovia RJ 126, próximo ao acesso para Patis, 22º35´´35""S - 42°35´´59""W, 65 msm."
"MONUMENTO NATURAL MUNICIPAL DA SERRA DO SOARINHO","Angiosperms","Convolvulaceae","Jacquemontia","ferruginea","Choisy","CONVOLVULACEAE Jacquemontia ferruginea Choisy","RFFP35091",,"RFFP","Damasceno, D.B.M.","202","Native","2023","Belo, D.P.","2023","Bronze","Ouro",,"Cachoeiras de Macacu","Soarinho, Monumento Natural Municipal da Serra do Soarinho, Núcleo Cavada, 22º35´´21""S - 42º39´´23""W, 315 msm."
"MONUMENTO NATURAL MUNICIPAL DA SERRA DO SOARINHO","Angiosperms","Dioscoreaceae","Dioscorea","dodecaneura","Vell.","DIOSCOREACEAE Dioscorea dodecaneura Vell.","RFFP35586",,"RFFP","Damasceno, D.B.M.","328","Native","2023","Damasceno, D.B.M.","2023","Bronze","Ouro",,"Cachoeiras de Macacu","Brasil, Estado do Rio de Janeiro, Município de Cachoeiras de Macacu, Soarinho, Monumento Natural Municipal da Serra do Soarinho, Núcleo Soarinho, Estrada do Soarinho, 22º37´´05""S - 42º40´´42""W, 223 msm."
"MONUMENTO NATURAL MUNICIPAL DA SERRA DO SOARINHO","Angiosperms","Dioscoreaceae","Dioscorea","multiflora","Mart. ex Griseb.","DIOSCOREACEAE Dioscorea multiflora Mart. ex Griseb.","RFFP35675",,"RFFP","Damasceno, D.B.M.","451","Native","2023","Fraga, F.R.M.","2023","Bronze","Ouro",,"Cachoeiras de Macacu","Brasil, Estado do Rio de Janeiro, Município de Cachoeiras de Macacu, Soarinho, Monumento Natural Municipal da Serra do Soarinho, Núcleo Bertholdo, elevação descampada atrás da Cachoeira do Jordão, 22º34´´44""S - 42°38´´42""W, 174 msm."
"MONUMENTO NATURAL MUNICIPAL DA SERRA DO SOARINHO","Angiosperms","Dioscoreaceae","Dioscorea","piperifolia","Humb. & Bonpl. ex Willd.","DIOSCOREACEAE Dioscorea piperifolia Humb. & Bonpl. ex Willd.","RFFP35555",,"RFFP","Damasceno, D.B.M.","283","Native","2023","Machado, D.N.S.","2023","Bronze","Ouro",,"Cachoeiras de Macacu","Brasil, Estado do Rio de Janeiro, Município de Cachoeiras de Macacu, Soarinho, Monumento Natural Municipal da Serra do Soarinho, Núcleo Cavada, 22º35´´34""S - 42º39´´05""W, 227 msm."
"MONUMENTO NATURAL MUNICIPAL DA SERRA DO SOARINHO","Angiosperms","Fabaceae","Calopogonium","mucunoides","Desv.","FABACEAE Calopogonium mucunoides Desv.","RFFP35574",,"RFFP","Damasceno, D.B.M.","312","Native","2023","Damasceno, D.B.M.","2023","Bronze","Ouro",,"Cachoeiras de Macacu","Brasil, Estado do Rio de Janeiro, Município de Cachoeiras de Macacu, Soarinho, Monumento Natural Municipal da Serra do Soarinho, Núcleo Soarinho, 22º37´´27""S - 42º40´´53""W, 303 msm."
"MONUMENTO NATURAL MUNICIPAL DA SERRA DO SOARINHO","Angiosperms","Fabaceae","Centrosema","plumieri","(Turpin ex Pers.) Benth.","FABACEAE Centrosema plumieri (Turpin ex Pers.) Benth.","RFFP35571",,"RFFP","Damasceno, D.B.M.","309","Native","2023","Snak, C.","2023","Bronze","Ouro",,"Cachoeiras de Macacu","Brasil, Estado do Rio de Janeiro, Município de Cachoeiras de Macacu, Soarinho, Monumento Natural Municipal da Serra do Soarinho, Núcleo Soarinho, 22º37´´27""S - 42º40´´53""W, 303 msm."
"MONUMENTO NATURAL MUNICIPAL DA SERRA DO SOARINHO","Angiosperms","Heliotropiaceae","Myriopus","gardnerianus","(A.DC.) J.I.M. Melo","HELIOTROPIACEAE Myriopus gardnerianus (A.DC.) J.I.M. Melo","RFFP35637",,"RFFP","Damasceno, D.B.M.","395","Native","2023","Goes, M.B.","2023","Bronze","Ouro",,"Cachoeiras de Macacu","Brasil, Estado do Rio de Janeiro, Município de Cachoeiras de Macacu, Soarinho, Monumento Natural Municipal da Serra do Soarinho, Núcleo Bertholdo, confluência da Estrada de Papucainha com a trilha para a Serra do Bertholdo, 22º35´´42""S - 42º38´´16""W, 313 msm. Monumento Natural da Serra do Soarinho"
"MONUMENTO NATURAL MUNICIPAL DA SERRA DO SOARINHO","Angiosperms","Hypoxidaceae","Hypoxis","decumbens","L.","HYPOXIDACEAE Hypoxis decumbens L.","RFFP35580",,"RFFP","Damasceno, D.B.M.","321","Native","2023","Machado, D.N.S.","2023","Bronze","Ouro",,"Cachoeiras de Macacu","Brasil, Estado do Rio de Janeiro, Município de Cachoeiras de Macacu, Soarinho, Monumento Natural Municipal da Serra do Soarinho, Núcleo Cavada, 22º35´´19""S - 42º39´´30""W, 332 msm."
"MONUMENTO NATURAL MUNICIPAL DA SERRA DO SOARINHO","Angiosperms","Lycopodiaceae","Palhinhaea","cernua","(L.) Franco & Vasc.","LYCOPODIACEAE Palhinhaea cernua (L.) Franco & Vasc.","RFFP35097",,"RFFP","Damasceno, D.B.M.","209","Native","2023","Machado, D.N.S.","2023","Bronze","Ouro",,"Cachoeiras de Macacu","Soarinho, Monumento Natural Municipal da Serra do Soarinho, Núcleo Cavada, 22º35´´21""S - 42º39´´23""W, 315 msm."
"MONUMENTO NATURAL MUNICIPAL DA SERRA DO SOARINHO","Angiosperms","Malvaceae","Triumfetta","obscura","A.St.-Hil.","MALVACEAE Triumfetta obscura A.St.-Hil.","RFFP35558",,"RFFP","Damasceno, D.B.M.","290","Native","2023","Pereira, F.P.B.","2023","Bronze","Ouro",,"Cachoeiras de Macacu","Brasil, Estado do Rio de Janeiro, Município de Cachoeiras de Macacu, Soarinho, Monumento Natural Municipal da Serra do Soarinho, Núcleo Soarinho, 22º36´´16""S - 42º39´´37""W, 221 msm."
"MONUMENTO NATURAL MUNICIPAL DA SERRA DO SOARINHO","Angiosperms","Menispermaceae","Chondrodendron","platiphyllum","(A.St.-Hil.) Miers","MENISPERMACEAE Chondrodendron platiphyllum (A.St.-Hil.) Miers","RFFP35723",,"RFFP","Damasceno, D.B.M.","528","Native","2023","Feliz, P.","2023","Bronze","Ouro",,"Cachoeiras de Macacu","Brasil, Estado do Rio de Janeiro, Município de Cachoeiras de Macacu, Soarinho, Monumento Natural Municipal da Serra do Soarinho, Núcleo Cavada, início da trilha para a parte alta com acesso pelo Parque Terra Santa, 22º34´´38""S - 42°41´´21""W, 98 msm."
"MONUMENTO NATURAL MUNICIPAL DA SERRA DO SOARINHO","Angiosperms","Menispermaceae","Odontocarya","vitis","(Vell.) Miers","MENISPERMACEAE Odontocarya vitis (Vell.) Miers","RFFP35639",,"RFFP","Damasceno, D.B.M.","399","Native","2023","Feliz, P.","2023","Bronze","Ouro",,"Cachoeiras de Macacu","Brasil, Estado do Rio de Janeiro, Município de Cachoeiras de Macacu, Soarinho, Monumento Natural Municipal da Serra do Soarinho, Núcleo Bertholdo, confluência da Estrada de Papucainha com a trilha para a Serra do Bertholdo, 22º35´´42""S - 42º38´´16""W, 313 msm."
"MONUMENTO NATURAL MUNICIPAL DA SERRA DO SOARINHO","Angiosperms","Nyctaginaceae","Bougainvillea","spectabilis","Willd.","NYCTAGINACEAE Bougainvillea spectabilis Willd.","RFFP35546",,"RFFP","Damasceno, D.B.M.","271","Native","2023","Damasceno, D.B.M.","2023","Bronze","Ouro",,"Cachoeiras de Macacu","Brasil, Estado do Rio de Janeiro, Município de Cachoeiras de Macacu, Soarinho, Monumento Natural Municipal da Serra do Soarinho, Núcleo Soarinho, Estrada do Soarinho, 22º37´´01""S - 42º40´´59""W, 200 msm."
"MONUMENTO NATURAL MUNICIPAL DA SERRA DO SOARINHO","Angiosperms","Passifloraceae","Passiflora","actinia","Hook.","PASSIFLORACEAE Passiflora actinia Hook.","RFFP35599",,"RFFP","Damasceno, D.B.M.","345","Native","2023","Pinto, L.J.S.","2023","Bronze","Ouro",,"Cachoeiras de Macacu","Brasil, Estado do Rio de Janeiro, Município de Cachoeiras de Macacu, Soarinho, Monumento Natural Municipal da Serra do Soarinho, Núcleo Soarinho, 22º35´´43""S - 42º41´´35""W, 539 msm."
"MONUMENTO NATURAL MUNICIPAL DA SERRA DO SOARINHO","Angiosperms","Passifloraceae","Passiflora","capsularis","L.","PASSIFLORACEAE Passiflora capsularis L.","RFFP35718",,"RFFP","Damasceno, D.B.M.","523","Native","2023","Medeiros, A.M.L.","2023","Bronze","Ouro",,"Cachoeiras de Macacu","Brasil, Estado do Rio de Janeiro, Município de Cachoeiras de Macacu, Soarinho, Monumento Natural Municipal da Serra do Soarinho, Núcleo Bertholdo, margem da Rodovia RJ 126, 22º34´´22""S - 42°37´´51""W, 371 msm."
"MONUMENTO NATURAL MUNICIPAL DA SERRA DO SOARINHO","Angiosperms","Passifloraceae","Passiflora","mediterranea","Vell.","PASSIFLORACEAE Passiflora mediterranea Vell.","RFFP35682",,"RFFP","Damasceno, D.B.M.","465","Native","2023","Medeiros, A.M.L.","2023","Bronze","Ouro",,"Cachoeiras de Macacu","Brasil, Estado do Rio de Janeiro, Município de Cachoeiras de Macacu, Soarinho, Monumento Natural Municipal da Serra do Soarinho, Núcleo Soarinho, 22º35´´31""S - 42º41´´07""W, 589 msm."
"MONUMENTO NATURAL MUNICIPAL DA SERRA DO SOARINHO","Angiosperms","Poaceae","Chusquea","bambusoides","(Raddi) Hack.","POACEAE Chusquea bambusoides (Raddi) Hack.","RFFP34939",,"RFFP","Damasceno, D.B.M.","196","Native","2023","Ribeiro, E.A.","2023","Bronze","Ouro",,"Cachoeiras de Macacu","Soarinho, Monumento Natural Municipal da Serra do Soarinho, Núcleo Cavada, 22º35´´21""S - 42º39´´23""W, 315 msm."
"MONUMENTO NATURAL MUNICIPAL DA SERRA DO SOARINHO","Angiosperms","Poaceae","Lasiacis","ligulata","Hitchc. & Chase","POACEAE Lasiacis ligulata Hitchc. & Chase","RFFP35527",,"RFFP","Damasceno, D.B.M.","239","Native","2023","Machado, D.N.S.","2023","Bronze","Ouro",,"Cachoeiras de Macacu","Brasil, Estado do Rio de Janeiro, Município de Cachoeiras de Macacu, Soarinho, Monumento Natural Municipal da Serra do Soarinho, Núcleo Soarinho, 22º36´´28""S - 42º41´´24""W, 335 msm."
"MONUMENTO NATURAL MUNICIPAL DA SERRA DO SOARINHO","Angiosperms","Polygalaceae","Bredemeyera","laurifolia","(A.St.-Hil. & Moq.) Klotzsch ex A.W.Benn.","POLYGALACEAE Bredemeyera laurifolia (A.St.-Hil. & Moq.) Klotzsch ex A.W.Benn.","RFFP35585",,"RFFP","Damasceno, D.B.M.","327","Native","2023","Damasceno, D.B.M.","2023","Bronze","Ouro",,"Cachoeiras de Macacu","Brasil, Estado do Rio de Janeiro, Município de Cachoeiras de Macacu, Soarinho, Monumento Natural Municipal da Serra do Soarinho, Núcleo Cavada, 22º35´´19""S - 42º39´´30""W, 332 msm."
"MONUMENTO NATURAL MUNICIPAL DA SERRA DO SOARINHO","Angiosperms","Polypodiaceae","Serpocaulon","triseriale","(Sw.) A.R.Sm.","POLYPODIACEAE Serpocaulon triseriale (Sw.) A.R.Sm.","RFFP36411",,"RFFP","Damasceno, D.B.M.","488","Native","2023","Santos, M.G.","2023","Bronze","Ouro",,"Cachoeiras de Macacu","Soarinho, Monumento Natural Municipal da Serra do Soarinho, Núcleo Soarinho, área da bifurcação, 22º36´´16""S - 42º39´´37""W, 221 msm."
"MONUMENTO NATURAL MUNICIPAL DA SERRA DO SOARINHO","Angiosperms","Rhamnaceae","Reissekia","smilacina","(Sm.) Steud.","RHAMNACEAE Reissekia smilacina (Sm.) Steud.","RFFP35649",,"RFFP","Damasceno, D.B.M.","414","Native","2023","Damasceno, D.B.M.","2023","Bronze","Ouro",,"Cachoeiras de Macacu","Brasil, Estado do Rio de Janeiro, Município de Cachoeiras de Macacu, Soarinho, Monumento Natural Municipal da Serra do Soarinho, Núcleo Soarinho, 22°37´´57""S, 42°39´´24""W, 241 msm."
"MONUMENTO NATURAL MUNICIPAL DA SERRA DO SOARINHO","Angiosperms","Sapindaceae","Paullinia","rubiginosa","Cambess.","SAPINDACEAE Paullinia rubiginosa Cambess.","RFFP35657",,"RFFP","Damasceno, D.B.M.","422","Native","2023","Damasceno, D.B.M.","2023","Bronze","Ouro",,"Cachoeiras de Macacu","Brasil, Estado do Rio de Janeiro, Município de Cachoeiras de Macacu, Soarinho, Monumento Natural Municipal da Serra do Soarinho, Núcleo Soarinho, 22°37´´21""S - 42°40´´19""W, 229 msm."
"MONUMENTO NATURAL MUNICIPAL DA SERRA DO SOARINHO","Angiosperms","Sapindaceae","Serjania","tenuis","Radlk.","SAPINDACEAE Serjania tenuis Radlk.","RFFP35685",,"RFFP","Damasceno, D.B.M.","470","Native","2023","Damasceno, D.B.M.","2023","Bronze","Ouro",,"Cachoeiras de Macacu","Brasil, Estado do Rio de Janeiro, Município de Cachoeiras de Macacu, Soarinho, Monumento Natural Municipal da Serra do Soarinho, Núcleo Cavada, margem da Rodovia RJ 116, após a Subestação ENEL Papucaia, 22º35´´11""S - 42º42´´59""W, 23 msm."
"MONUMENTO NATURAL MUNICIPAL DA SERRA DO SOARINHO","Angiosperms","Sapotaceae","Chrysophyllum","flexuosum","Mart.","SAPOTACEAE Chrysophyllum flexuosum Mart.","RFFP35638",,"RFFP","Damasceno, D.B.M.","396","Native","2023","Lima, R.G.V.N.","2023","Bronze","Ouro",,"Cachoeiras de Macacu","Brasil, Estado do Rio de Janeiro, Município de Cachoeiras de Macacu, Soarinho, Monumento Natural Municipal da Serra do Soarinho, Núcleo Cavada, 22º35´´21""S - 42º39´´23""W, 315 msm."
"MONUMENTO NATURAL MUNICIPAL DA SERRA DO SOARINHO","Angiosperms","Smilacaceae","Smilax","lutescens","Vell.","SMILACACEAE Smilax lutescens Vell.","RFFP35625",,"RFFP","Damasceno, D.B.M.","378","Native","2023","Machado, D.N.S.","2023","Bronze","Ouro",,"Cachoeiras de Macacu","Brasil, Estado do Rio de Janeiro, Município de Cachoeiras de Macacu, Soarinho, Monumento Natural Municipal da Serra do Soarinho, Núcleo Cavada, margem da Rodovia RJ 116, após a Subestação ENEL Papucaia, 22º35´´11""S - 42º42´´59""W, 23 msm."
"MONUMENTO NATURAL MUNICIPAL DA SERRA DO SOARINHO","Angiosperms","Smilacaceae","Smilax","muscosa","Toledo","SMILACACEAE Smilax muscosa Toledo","RFFP35663",,"RFFP","Damasceno, D.B.M.","430","Native","2023","Damasceno, D.B.M.","2023","Bronze","Ouro",,"Cachoeiras de Macacu","Brasil, Estado do Rio de Janeiro, Município de Cachoeiras de Macacu, Soarinho, Monumento Natural Municipal da Serra do Soarinho, Núcleo Soarinho, 22º39´´39""S – 42º43´´06""W, 82 msm. Monumento Natural da Serra do Soarinho"
"MONUMENTO NATURAL MUNICIPAL DA SERRA DO SOARINHO","Angiosperms","Smilacaceae","Smilax","quinquenervia","Vell.","SMILACACEAE Smilax quinquenervia Vell.","RFFP35518",,"RFFP","Damasceno, D.B.M.","227","Native","2023","Machado, D.N.S.","2023","Bronze","Ouro",,"Cachoeiras de Macacu","Brasil, Estado do Rio de Janeiro, Município de Cachoeiras de Macacu, Soarinho, Soarinho, Monumento Natural Municipal da Serra do Soarinho, Núcleo Soarinho, Estrada do Soarinho, 22º36´´49""S - 42º40´´32""W, 204 msm."
"MONUMENTO NATURAL MUNICIPAL DA SERRA DO SOARINHO","Angiosperms","Urticaceae","Pourouma","guianensis","Aubl.","URTICACEAE Pourouma guianensis Aubl.","RFFP35099",,"RFFP","Damasceno, D.B.M.","211","Native","2023","Vianna Filho, M.","2023","Bronze","Ouro",,"Cachoeiras de Macacu","Soarinho, Monumento Natural Municipal da Serra do Soarinho, Núcleo Cavada, 22º35´´21""S - 42º39´´23""W, 315 msm."
"MONUMENTO NATURAL MUNICIPAL DA SERRA DO SOARINHO","Angiosperms","Vitaceae","Cissus","verticillata","(L.) Nicolson & C.E.Jarvis","VITACEAE Cissus verticillata (L.) Nicolson & C.E.Jarvis","RFFP35561",,"RFFP","Damasceno, D.B.M.","293","Native","2023","Damasceno, D.B.M.","2023","Bronze","Ouro",,"Cachoeiras de Macacu","Brasil, Estado do Rio de Janeiro, Município de Cachoeiras de Macacu, Soainho, Monumento Natural Municipal da Serra do Soarinho, Núcleo Granada, RJ-116 (Rodovia Presidente João Goulart), km 16, 22º37´´55""S - 42º43´´24""W, 30 msm."
"MONUMENTO NATURAL MUNICIPAL DA SERRA DO SOARINHO","Angiosperms","Nyctaginaceae","Guapira",,"Aubl.","NYCTAGINACEAE Guapira Aubl.","RFFP37228",,"RFFP","Damasceno, D.B.M.","1549","Native","2025",,,"Latão","Ouro",,"Cachoeiras de Macacu","Soarinho, Monumento Natural Municipal da Serra do Soarinho, Núcleo Bertholdo, estrada que liga a RJ 126 ao Soarinho, 22º34’29""S - 42º38’19""W, 340 msm. Monumento Natural da Serra do Soarinho"
"MONUMENTO NATURAL MUNICIPAL DA SERRA DO SOARINHO","Angiosperms","Araceae","Philodendron",,"Schott","ARACEAE Philodendron Schott","RFFP36067",,"RFFP","Damasceno, D.B.M.","1064","Native","2024",,,"Latão","Ouro",,"Cachoeiras de Macacu","Brasil, Estado do Rio de Janeiro, Município de Cachoeiras de Macacu, Soarinho, Monumento Natural Municipal da Serra do Soarinho, Núcleo Soarinho, Estrada do Soarinho, após a igreja evangélica, 22º36´´36""S - 42°39´´48""W, 190 msm."
"MONUMENTO NATURAL MUNICIPAL DA SERRA DO SOARINHO","Angiosperms","Begoniaceae","Begonia",,"L.","BEGONIACEAE Begonia L.","RFFP35315",,"RFFP","Damasceno, D.B.M.","884","Native","2024",,,"Latão","Ouro",,"Cachoeiras de Macacu","Soarinho, Monumento Natural Municipal da Serra do Soarinho, Núcleo Soarinho, Vale do Rio Soarinho, acesso pela escolinha e a igreja, 22º36´´37""S - 42º42´´44""W, 175 msm."
"MONUMENTO NATURAL MUNICIPAL DA SERRA DO SOARINHO","Angiosperms","Bignoniaceae","Mansoa",,"DC.","BIGNONIACEAE Mansoa DC.","RFFP36066",,"RFFP","Damasceno, D.B.M.","1063","Native","2024",,,"Latão","Ouro",,"Cachoeiras de Macacu","Brasil, Estado do Rio de Janeiro, Município de Cachoeiras de Macacu, Soarinho, Monumento Natural Municipal da Serra do Soarinho, Núcleo Soarinho, Vale do Rio Soarinho, acesso pela escolinha e a igreja, 22º36´´46""S - 42º42´´50""W, 191 msm."
"MONUMENTO NATURAL MUNICIPAL DA SERRA DO SOARINHO","Angiosperms","Cucurbitaceae","Gurania",,"(Schltdl.) Cogn.","CUCURBITACEAE Gurania (Schltdl.) Cogn.","RFFP35764",,"RFFP","Damasceno, D.B.M.","581","Native","2024",,,"Latão","Ouro",,"Cachoeiras de Macacu","Brasil, Estado do Rio de Janeiro, Município de Cachoeiras de Macacu, Soarinho, Monumento Natural Municipal da Serra do Soarinho, Núcleo Soarinho, 22º35´´31""S - 42º41´´07""W, 589 msm."
"MONUMENTO NATURAL MUNICIPAL DA SERRA DO SOARINHO","Angiosperms","Dioscoreaceae","Dioscorea",,"L.","DIOSCOREACEAE Dioscorea L.","RFFP35433",,"RFFP","Damasceno, D.B.M.","935","Native","2024",,,"Latão","Ouro",,"Cachoeiras de Macacu","Brasil, Estado do Rio de Janeiro, Município de Cachoeiras de Macacu, Soarinho, Monumento Natural Municipal da Serra do Soarinho, Núcleo Cavada, Acesso pelo Parque Terra Santa, trilha para a parte alta, 22º35´´08""S - 42º41´´22""W, 319 msm. Monumento Natural da Serra do Soarinho"
"MONUMENTO NATURAL MUNICIPAL DA SERRA DO SOARINHO","Angiosperms","Loganiaceae","Strychnos",,"L.","LOGANIACEAE Strychnos L.","RFFP35775",,"RFFP","Damasceno, D.B.M.","596","Native","2024",,,"Latão","Ouro",,"Cachoeiras de Macacu","Brasil, Estado do Rio de Janeiro, Município de Cachoeiras de Macacu, Soarinho, Monumento Natural Municipal da Serra do Soarinho, Núcleo Soarinho, área da Janela do Céu, 22°37´´00""S, 42°41´´01""W, 185 msm."
"MONUMENTO NATURAL MUNICIPAL DA SERRA DO SOARINHO","Angiosperms","Myrtaceae","Eugenia",,"L.","MYRTACEAE Eugenia L.","RFFP36111",,"RFFP","Damasceno, D.B.M.","1108","Native","2024",,,"Latão","Ouro",,"Cachoeiras de Macacu","Brasil, Estado do Rio de Janeiro, Município de Cachoeiras de Macacu, Bertholdo, Monumento Natural Municipal da Serra do Soarinho, Núcleo Bertholdo, acima da Cachoeira do Jordão, clareira aberta para a passagem do duto da Petrobrás, 22º34´´10""S - 42º38´´54""W, 123 msm."
"MONUMENTO NATURAL MUNICIPAL DA SERRA DO SOARINHO","Angiosperms","Myrtaceae","Myrcia",,"DC.","MYRTACEAE Myrcia DC.","RFFP35778",,"RFFP","Damasceno, D.B.M.","599","Native","2024",,,"Latão","Ouro",,"Cachoeiras de Macacu","Brasil, Estado do Rio de Janeiro, Município de Cachoeiras de Macacu, Soarinho, Monumento Natural Municipal da Serra do Soarinho, Núcleo Soarinho, trilha para a parte alta com acesso pelo Vale, 22º36´´24""S - 42º41´´38""W, 321 msm."
"MONUMENTO NATURAL MUNICIPAL DA SERRA DO SOARINHO",,,"Indeterminada",,,"NA Indeterminada sp.","RFFP35237",,"RFFP","Damasceno, D.B.M.","813",,"2024",,,"Latão","Ouro",,"Cachoeiras de Macacu","Soarinho, Monumento Natural Municipal da Serra do Soarinho, Núcleo Bertholdo, antes da Cachoeira do Jordão, 22º34´´03""S - 42º39´´12""W, 86 msm."
"MONUMENTO NATURAL MUNICIPAL DA SERRA DO SOARINHO","Angiosperms","Pteridaceae","Pteris",,"L.","PTERIDACEAE Pteris L.","RFFP35803",,"RFFP","Damasceno, D.B.M.","639","Native","2024",,,"Latão","Ouro",,"Cachoeiras de Macacu","Brasil, Estado do Rio de Janeiro, Município de Cachoeiras de Macacu, Soarinho, Monumento Natural Municipal da Serra do Soarinho, Núcleo Soarinho, Vale do Rio Soarinho, acesso pela escolinha e a igreja, 22º36´´33""S - 42º42´´28""W, 254 msm."
"MONUMENTO NATURAL MUNICIPAL DA SERRA DO SOARINHO","Angiosperms","Rubiaceae","Borreria",,"G.Mey.","RUBIACEAE Borreria G.Mey.","RFFP35400",,"RFFP","Damasceno, D.B.M.","878","Native","2024",,,"Latão","Ouro",,"Cachoeiras de Macacu","Brasil, Estado do Rio de Janeiro, Município de Cachoeiras de Macacu, Bertholdo, Monumento Natural Municipal da Serra do Soarinho, Núcleo Bertholdo, 22º34´´12""S - 42º38´´49""W, 146 msm."
"MONUMENTO NATURAL MUNICIPAL DA SERRA DO SOARINHO","Angiosperms","Rubiaceae","Rudgea",,"Salisb.","RUBIACEAE Rudgea Salisb.","RFFP36105",,"RFFP","Damasceno, D.B.M.","1102","Native","2024",,,"Latão","Ouro",,"Cachoeiras de Macacu","Brasil, Estado do Rio de Janeiro, Município de Cachoeiras de Macacu, Soarinho, Monumento Natural Municipal da Serra do Soarinho, Núcleo Soarinho, Cachoeira Janela do Céu, 22º37´´00""S - 42º41´´00""W, 192 msm."
"MONUMENTO NATURAL MUNICIPAL DA SERRA DO SOARINHO","Angiosperms","Asteraceae",,,"Bercht. & J.Presl","ASTERACEAE Asteraceae Bercht. & J.Presl","RFFP35015",,"RFFP","Damasceno, D.B.M.","375","Native","2023",,,"Latão","Ouro",,"Cachoeiras de Macacu","Soarinho, Monumento Natural Municipal da Serra do Soarinho, Núcleo Cavada, margem da Rodovia RJ 116, 22º34´´31""S - 42º41´´35""W, 35 msm."
"MONUMENTO NATURAL MUNICIPAL DA SERRA DO SOARINHO","Angiosperms","Lomariopsidaceae","Lomariopsis",,"Fée","LOMARIOPSIDACEAE Lomariopsis Fée","RFFP35642",,"RFFP","Damasceno, D.B.M.","403","Native","2023",,,"Latão","Ouro",,"Cachoeiras de Macacu","Brasil, Estado do Rio de Janeiro, Município de Cachoeiras de Macacu, Soarinho, Monumento Natural Municipal da Serra do Soarinho, Núcleo Soarinho, 22°37´´00""S, 42°41´´01""W, 185 msm."
"MONUMENTO NATURAL MUNICIPAL DA SERRA DO SOARINHO","Angiosperms","Sapindaceae","Serjania",,"Mill.","SAPINDACEAE Serjania Mill.","RFFP35606",,"RFFP","Damasceno, D.B.M.","353","Native","2023",,,"Latão","Ouro",,"Cachoeiras de Macacu","Brasil, Estado do Rio de Janeiro, Município de Cachoeiras de Macacu, Soarinho, Monumento Natural Municipal da Serra do Soarinho, Núcleo Soarinho, 22º35´´43""S - 42º41´´35""W, 539 msm."
